0 180
1 329
2 418
3 500
4 453
5 425
6 440
7 489
8 503
9 489
10 501
11 516
12 474
13 434
14 466
15 409
16 466
17 520
18 537
19 496
20 491
21 493
22 534
23 519
24 500
25 561
26 523
27 545
28 523
29 538
30 546
31 546
32 500
33 533
34 534
35 559
36 529
37 534
38 534
39 522
40 555
41 522
42 508
43 547
44 540
45 561
46 505
47 547
48 519
49 537
50 517
51 510
52 529
53 534
54 540
55 527
56 562
57 557
58 541
59 528
60 537
61 597
62 554
63 514
64 545
65 540
66 559
67 588
68 584
69 563
70 554
71 503
72 541
73 545
74 546
75 546
76 554
77 514
78 513
79 514
80 451
81 462
82 496
83 532
84 538
85 527
86 532
87 510
88 538
89 528
90 504
91 519
92 482
93 529
94 534
95 541
96 541
97 507
98 484
99 502
