0 182
1 238
2 281
3 317
4 315
5 334
6 347
7 390
8 387
9 419
10 426
11 405
12 430
13 408
14 404
15 432
16 445
17 422
18 422
19 412
20 451
21 404
22 436
23 448
24 418
25 496
26 479
27 523
28 432
29 473
30 468
31 460
32 530
33 461
34 467
35 482
36 534
37 492
38 482
39 441
40 443
41 516
42 527
43 500
44 506
45 486
46 521
47 540
48 506
49 479
50 495
51 544
52 538
53 515
54 481
55 558
56 503
57 559
58 533
59 531
60 524
61 536
62 530
63 474
64 494
65 520
66 502
67 522
68 507
69 499
70 497
71 496
72 513
73 482
74 500
75 512
76 551
77 468
78 515
79 448
80 511
81 485
82 509
83 429
84 477
85 521
86 510
87 457
88 460
89 458
90 441
91 432
92 491
93 424
94 524
95 463
96 420
97 459
98 426
99 453
