0 632
1 472
2 492
3 762
4 712
5 516
6 536
7 598
8 696
9 660
10 584
11 536
12 648
13 608
14 566
15 648
16 590
17 694
18 666
19 688
20 844
21 662
22 712
23 590
24 670
25 702
26 538
27 584
28 648
29 590
30 758
31 708
32 732
33 606
34 632
35 666
36 678
37 690
38 706
39 778
40 650
41 658
42 744
43 716
44 708
45 614
46 714
47 642
48 598
49 712
50 704
51 640
52 660
53 784
54 830
55 662
56 686
57 694
58 660
59 718
60 722
61 700
62 750
63 700
64 1086
65 700
66 778
67 742
68 802
69 722
70 758
71 746
72 700
73 816
74 858
75 644
76 774
77 808
78 848
79 632
80 584
81 690
82 738
83 712
84 746
85 702
86 764
87 720
88 770
89 716
90 758
91 750
92 786
93 676
94 780
95 724
96 690
97 696
98 652
99 758
