0 496
1 526
2 492
3 592
4 522
5 566
6 584
7 606
8 584
9 602
10 660
11 576
12 738
13 596
14 602
15 616
16 656
17 620
18 632
19 598
20 616
21 662
22 668
23 608
24 626
25 670
26 656
27 766
28 620
29 666
30 674
31 640
32 734
33 668
34 858
35 726
36 776
37 654
38 702
39 712
40 752
41 798
42 770
43 668
44 758
45 652
46 814
47 774
48 802
49 770
50 798
51 732
52 654
53 720
54 806
55 706
56 766
57 734
58 862
59 772
60 788
61 760
62 760
63 720
64 764
65 824
66 684
67 716
68 768
69 730
70 674
71 798
72 784
73 726
74 738
75 760
76 730
77 694
78 730
79 676
80 708
81 780
82 682
83 740
84 730
85 704
86 714
87 656
88 614
89 772
90 846
91 642
92 762
93 696
94 704
95 642
96 654
97 760
98 718
99 760
