0 556
1 638
2 710
3 656
4 704
5 626
6 654
7 760
8 742
9 728
10 674
11 662
12 690
13 688
14 648
15 668
16 826
17 814
18 784
19 726
20 692
21 718
22 772
23 768
24 684
25 796
26 656
27 758
28 712
29 750
30 792
31 860
32 792
33 726
34 660
35 744
36 644
37 724
38 690
39 684
40 776
41 736
42 648
43 662
44 658
45 754
46 796
47 694
48 698
49 722
50 734
51 782
52 826
53 770
54 670
55 642
56 726
57 800
58 696
59 786
60 700
61 758
62 692
63 728
64 722
65 704
66 722
67 732
68 720
69 762
70 690
71 810
72 666
73 674
74 760
75 728
76 708
77 642
78 648
79 790
80 642
81 684
82 760
83 670
84 738
85 620
86 676
87 768
88 756
89 650
90 678
91 832
92 624
93 650
94 798
95 710
96 708
97 668
98 684
99 782
