0 211
1 289
2 339
3 340
4 285
5 323
6 260
7 336
8 360
9 317
10 358
11 408
12 370
13 341
14 376
15 338
16 368
17 331
18 356
19 373
20 359
21 336
22 375
23 377
24 384
25 375
26 351
27 349
28 337
29 331
30 411
31 381
32 402
33 396
34 406
35 436
36 445
37 421
38 418
39 401
40 408
41 424
42 436
43 437
44 452
45 474
46 433
47 463
48 456
49 446
50 433
51 445
52 459
53 414
54 419
55 428
56 448
57 404
58 414
59 395
60 421
61 401
62 411
63 408
64 410
65 441
66 480
67 429
68 429
69 406
70 405
71 384
72 384
73 432
74 432
75 422
76 408
77 373
78 390
79 419
80 412
81 450
82 374
83 409
84 410
85 391
86 384
87 412
88 404
89 406
90 413
91 439
92 432
93 417
94 428
95 412
96 421
97 434
98 438
99 436
