0 273
1 274
2 331
3 367
4 359
5 356
6 388
7 402
8 422
9 400
10 387
11 409
12 400
13 398
14 397
15 438
16 432
17 415
18 420
19 446
20 455
21 453
22 459
23 417
24 421
25 383
26 366
27 423
28 392
29 394
30 436
31 455
32 416
33 396
34 361
35 415
36 428
37 486
38 477
39 443
40 420
41 428
42 499
43 428
44 466
45 414
46 483
47 470
48 452
49 455
50 410
51 427
52 372
53 476
54 469
55 458
56 479
57 435
58 433
59 412
60 474
61 436
62 517
63 494
64 533
65 478
66 453
67 442
68 532
69 497
70 513
71 472
72 507
73 470
74 459
75 380
76 361
77 427
78 417
79 398
80 374
81 423
82 410
83 424
84 466
85 406
86 474
87 440
88 464
89 473
90 554
91 463
92 487
93 425
94 435
95 454
96 399
97 425
98 474
99 475
