1 193
2 239
3 315
4 315
5 354
6 418
7 407
8 440
9 437
10 424
11 420
12 468
13 496
14 519
15 561
16 518
17 511
18 515
19 580
20 601
21 535
22 526
23 634
24 573
25 579
26 556
27 548
28 531
29 487
30 520
31 566
32 622
33 585
34 557
35 599
36 581
37 557
38 524
39 559
40 521
41 590
42 546
43 591
44 588
45 595
46 627
47 542
48 603
49 575
50 582
51 612
52 598
53 520
54 595
55 568
56 495
57 500
58 511
59 536
60 537
61 571
62 570
63 496
64 613
65 558
66 538
67 557
68 614
69 544
70 603
71 645
72 643
73 644
74 626
75 607
76 580
77 581
78 551
79 578
80 598
81 560
82 578
83 512
84 506
85 539
86 557
87 493
88 631
89 571
90 572
91 542
92 547
93 540
94 513
95 548
96 561
97 530
98 537
99 566
100 630
