0 480
1 492
2 472
3 518
4 636
5 558
6 496
7 772
8 614
9 508
10 516
11 586
12 576
13 486
14 584
15 596
16 582
17 530
18 598
19 556
20 576
21 538
22 516
23 612
24 556
25 552
26 542
27 498
28 604
29 466
30 674
31 552
32 516
33 668
34 592
35 550
36 728
37 626
38 560
39 564
40 612
41 546
42 610
43 600
44 646
45 618
46 600
47 658
48 632
49 638
50 612
51 772
52 648
53 606
54 710
55 550
56 688
57 574
58 564
59 644
60 606
61 704
62 674
63 534
64 578
65 918
66 870
67 538
68 592
69 602
70 640
71 544
72 542
73 564
74 672
75 592
76 586
77 502
78 586
79 590
80 682
81 752
82 646
83 532
84 742
85 656
86 594
87 544
88 506
89 568
90 648
91 638
92 614
93 560
94 522
95 540
96 764
97 654
98 600
99 636
