0 212
1 237
2 272
3 278
4 338
5 359
6 309
7 354
8 331
9 371
10 355
11 348
12 339
13 386
14 380
15 345
16 401
17 410
18 352
19 385
20 432
21 384
22 381
23 390
24 391
25 354
26 374
27 382
28 372
29 421
30 378
31 338
32 428
33 419
34 410
35 398
36 423
37 395
38 398
39 380
40 386
41 376
42 367
43 416
44 418
45 432
46 399
47 400
48 384
49 418
50 431
51 414
52 422
53 426
54 418
55 414
56 423
57 438
58 413
59 474
60 458
61 432
62 430
63 477
64 466
65 423
66 467
67 403
68 421
69 440
70 439
71 412
72 436
73 442
74 407
75 423
76 399
77 397
78 477
79 422
80 433
81 431
82 458
83 405
84 442
85 488
86 456
87 418
88 457
89 478
90 442
91 482
92 515
93 494
94 467
95 469
96 488
97 460
98 474
99 473
