0 678
1 619
2 688
3 629
4 720
5 691
6 675
7 614
8 690
9 678
10 713
11 686
12 597
13 785
14 793
15 703
16 711
17 814
18 853
19 790
20 681
21 692
22 750
23 790
24 687
25 742
26 622
27 624
28 728
29 702
30 991
31 694
32 713
33 646
34 699
35 713
36 760
37 559
38 736
39 661
40 636
41 749
42 739
43 559
44 759
45 654
46 801
47 736
48 709
49 784
50 762
51 753
52 803
53 780
54 696
55 622
56 732
57 671
58 717
59 805
60 736
61 802
62 778
63 625
64 735
65 710
66 728
67 693
68 710
69 682
70 677
71 797
72 684
73 630
74 658
75 710
76 801
77 623
78 717
79 641
80 692
81 744
82 752
83 723
84 633
85 726
86 783
87 767
88 714
89 722
90 730
91 723
92 745
93 870
94 745
95 693
96 800
97 914
98 762
99 772
100 731
101 713
102 799
103 989
104 690
105 748
106 803
107 863
108 766
109 673
110 882
111 674
112 672
113 708
114 758
115 748
116 756
117 729
118 764
119 805
120 698
121 888
122 759
123 796
124 860
125 748
126 787
127 712
128 820
129 719
130 830
131 719
132 852
133 801
134 785
135 757
136 786
137 735
138 747
139 793
140 810
141 747
142 859
143 692
144 792
145 836
146 833
147 768
148 672
149 735
150 921
151 656
152 1010
153 719
154 718
155 726
156 778
157 717
158 725
159 849
160 821
161 805
162 736
163 736
164 741
165 771
166 810
167 817
168 829
169 817
170 859
171 850
172 945
173 822
174 752
175 868
176 734
177 723
178 741
179 719
180 819
181 673
182 854
183 806
184 829
185 853
186 787
187 880
188 704
189 822
190 755
191 773
192 703
193 811
194 781
195 748
196 801
197 875
198 786
199 704
200 809
201 768
202 763
203 783
204 730
205 847
206 782
207 740
208 685
209 896
210 743
211 712
212 741
213 843
214 720
215 842
216 712
217 835
218 784
219 772
220 786
221 761
222 843
223 773
224 718
225 908
226 739
227 919
228 798
229 880
230 732
231 729
232 773
233 822
234 778
235 784
236 805
237 935
238 912
239 751
240 888
241 902
242 897
243 862
244 864
245 820
246 908
247 838
248 778
249 769
250 780
251 841
252 888
253 850
254 829
255 796
256 821
257 765
258 837
259 775
260 796
261 756
262 836
263 823
264 830
265 708
266 838
267 759
268 788
269 873
270 928
271 793
272 833
273 913
274 798
275 784
276 759
277 781
278 716
279 827
280 809
281 737
282 1007
283 749
284 956
285 912
286 874
287 1001
288 844
289 956
290 880
291 927
292 823
293 922
294 793
295 871
296 838
297 852
298 738
299 969
300 775
301 746
302 912
303 889
304 847
305 760
306 821
307 860
308 919
309 783
310 806
311 815
312 762
313 899
314 826
315 776
316 891
317 802
318 846
319 952
320 869
321 815
322 902
323 896
324 943
325 847
326 890
327 1014
328 923
329 826
330 945
331 937
332 950
333 967
334 800
335 911
336 914
337 834
338 815
339 813
340 846
341 883
342 1017
343 888
344 894
