0 450
1 519
2 621
3 617
4 483
5 594
6 556
7 575
8 643
9 562
10 615
11 709
12 625
13 605
14 798
15 766
16 734
17 607
18 690
19 651
20 697
21 679
22 719
23 779
24 700
25 736
26 620
27 711
28 643
29 733
30 740
31 861
32 754
33 793
34 637
35 735
36 722
37 811
38 916
39 792
40 879
41 744
42 852
43 759
44 749
45 888
46 807
47 928
48 983
49 785
50 785
51 891
52 708
53 827
54 817
55 804
56 850
57 893
58 732
59 731
60 834
61 791
62 727
63 767
64 761
65 917
66 843
67 836
68 709
69 727
70 856
71 908
72 729
73 781
74 757
75 778
76 755
77 741
78 771
79 762
80 862
81 850
82 787
83 839
84 777
85 839
86 745
87 844
88 819
89 861
90 817
91 884
92 865
93 1006
94 784
95 844
96 929
97 846
98 837
99 875
100 897
101 877
102 847
103 777
104 839
105 816
106 963
107 889
108 984
109 895
110 919
111 825
112 914
113 898
114 991
115 887
116 922
117 838
118 997
119 921
120 813
121 877
122 917
123 802
124 953
125 918
126 925
127 1024
128 848
129 849
130 985
131 870
132 922
133 962
134 959
135 858
136 830
137 817
138 877
139 833
140 855
141 918
142 934
143 903
144 909
145 895
146 868
147 856
148 888
149 876
150 928
151 879
152 905
153 1011
154 859
155 861
156 869
157 945
158 1011
159 868
160 1011
161 947
162 911
163 1062
164 906
165 955
166 835
167 848
168 866
169 942
170 875
171 920
172 944
173 976
174 959
175 1287
176 923
177 881
178 928
179 945
180 920
181 954
182 873
183 948
184 962
185 1072
186 982
187 887
188 911
189 852
190 958
191 926
192 953
193 975
194 929
195 892
196 836
197 1027
198 970
199 859
200 788
201 1071
202 1012
203 1110
204 913
205 866
206 862
207 982
208 904
209 949
210 860
211 1025
212 861
213 852
214 973
215 937
216 911
217 965
218 1027
219 893
220 1031
221 1105
222 1064
223 936
224 860
225 1006
226 947
227 791
228 866
229 977
230 872
231 884
232 940
233 1018
234 871
235 833
236 923
237 947
238 1099
239 1004
240 899
241 902
242 959
243 1167
244 965
245 912
246 957
247 992
248 1122
249 955
250 942
251 1027
252 816
253 907
254 834
255 927
256 886
257 878
258 863
259 871
260 969
261 962
262 854
263 874
264 888
265 913
266 932
267 1057
268 910
269 896
270 882
271 907
272 954
273 918
274 945
275 1042
276 851
277 862
278 964
279 805
280 907
281 950
282 943
283 956
284 955
285 875
286 864
287 942
288 822
289 974
290 1028
291 994
292 853
293 833
294 903
295 896
296 896
297 1031
298 982
299 918
