0 193
1 272
2 349
3 370
4 388
5 384
6 411
7 408
8 379
9 407
10 412
11 424
12 433
13 434
14 410
15 447
16 423
17 441
18 428
19 429
20 449
21 432
22 449
23 455
24 472
25 449
26 487
27 469
28 507
29 530
30 514
31 543
32 511
33 515
34 514
35 534
36 575
37 585
38 563
39 582
40 561
41 588
42 586
43 589
44 594
45 576
46 561
47 556
48 554
49 568
50 568
51 590
52 574
53 566
54 599
55 585
56 554
57 563
58 593
59 604
60 591
61 565
62 629
63 625
64 623
65 608
66 576
67 605
68 611
69 608
70 602
71 611
72 595
73 579
74 555
75 607
76 609
77 610
78 611
79 614
80 632
81 596
82 601
83 589
84 611
85 575
86 560
87 557
88 570
89 605
90 616
91 596
