0 581
1 876
2 755
3 745
4 777
5 694
6 691
7 690
8 711
9 834
10 705
11 802
12 770
13 933
14 763
15 932
16 836
17 755
18 832
19 875
20 782
21 765
22 876
23 877
24 857
25 861
26 836
27 816
28 757
29 803
30 875
31 782
32 846
33 847
34 839
35 816
36 893
37 812
38 1118
39 855
40 847
41 785
42 835
43 743
44 849
45 822
46 845
47 838
48 781
49 901
50 905
51 924
52 818
53 864
54 901
55 886
56 754
57 905
58 750
59 1086
60 900
61 905
62 813
63 855
64 982
65 945
66 834
67 859
68 819
69 922
70 1124
71 870
72 1011
73 1020
74 833
75 880
76 951
77 1036
78 881
79 996
80 988
81 934
82 1092
83 908
84 1022
85 1094
86 846
87 947
88 1030
89 959
90 1002
91 848
92 1063
93 863
94 920
95 960
96 937
97 997
98 876
99 947
100 925
101 976
102 885
103 1067
104 937
105 948
106 938
107 1035
108 929
109 1140
110 969
111 1023
112 889
113 936
114 908
115 959
116 1025
117 1010
118 892
119 991
120 949
121 1037
122 964
123 931
124 938
125 929
126 906
127 994
128 960
129 855
130 960
131 910
132 967
133 927
134 840
135 856
136 890
137 1008
138 983
139 920
140 853
141 887
142 891
143 966
144 1089
145 1026
146 964
147 913
148 911
149 848
150 922
151 940
152 992
153 841
154 907
155 1029
156 1061
157 901
158 897
159 838
160 917
161 842
162 916
163 903
164 1005
165 911
166 838
167 974
168 972
169 951
170 869
171 939
172 806
173 1113
174 875
175 848
176 1051
177 794
178 803
179 976
180 881
181 837
182 803
183 1213
184 962
185 952
186 849
187 886
188 902
189 925
190 951
191 857
192 831
193 1016
194 885
195 861
196 1095
197 930
198 863
