0 256
1 358
2 389
3 379
4 378
5 396
6 381
7 373
8 366
9 397
10 360
11 395
12 381
13 417
14 428
15 411
16 424
17 479
18 474
19 462
20 442
21 463
22 491
23 491
24 454
25 492
26 494
27 489
28 500
29 487
30 510
31 504
32 540
33 490
34 523
35 601
36 550
37 490
38 503
39 522
40 468
41 479
42 518
43 504
44 540
45 525
46 513
47 508
48 487
49 518
50 529
51 512
52 546
53 513
54 505
55 501
56 527
57 512
58 567
59 538
60 494
61 516
62 516
63 555
64 529
65 527
66 475
67 485
68 538
69 523
70 526
71 575
72 488
73 521
74 524
75 535
76 506
77 563
78 534
79 490
80 516
81 514
82 529
83 532
84 496
85 511
86 521
87 502
88 528
89 548
90 568
91 547
92 563
93 564
94 552
95 513
96 561
97 566
98 532
99 533
100 490
101 499
102 537
103 525
104 485
105 507
106 487
107 541
108 508
109 522
110 485
111 513
112 514
113 539
114 460
115 548
116 515
117 534
118 532
119 558
120 524
121 536
122 493
123 503
124 502
125 563
126 501
127 551
128 532
129 496
130 490
131 487
132 496
133 511
134 495
135 516
136 489
137 509
138 493
139 500
140 516
141 514
142 470
143 506
144 534
145 487
146 492
147 571
148 501
149 527
150 493
151 509
152 514
153 491
154 513
155 479
156 531
157 496
158 503
159 492
160 526
161 505
162 477
163 512
164 504
165 484
166 537
167 535
168 496
169 528
170 507
171 500
172 509
173 487
174 501
175 504
176 587
177 490
178 477
179 502
180 457
181 505
182 508
183 477
184 520
185 499
186 499
187 499
188 498
189 509
190 492
191 510
192 536
193 493
194 530
195 535
196 515
197 534
198 567
199 536
200 577
201 586
202 536
203 540
204 502
205 523
206 518
207 528
208 519
209 510
210 543
211 523
212 540
213 534
214 520
215 554
216 546
217 522
218 534
219 510
220 545
221 535
222 546
223 565
224 527
225 531
226 565
227 484
228 606
229 582
230 564
231 567
232 548
233 540
234 569
235 531
236 549
237 526
238 527
239 520
240 589
241 577
242 532
243 570
244 534
245 591
246 506
247 536
248 571
249 580
250 542
251 604
252 538
253 547
254 554
255 561
256 539
257 571
258 515
259 548
260 527
261 529
262 551
263 595
264 573
265 549
266 530
267 564
268 519
269 539
270 545
