0 575
1 600
2 672
3 673
4 710
5 669
6 707
7 798
8 786
9 697
10 688
11 710
12 656
13 750
14 801
15 644
16 768
17 724
18 741
19 761
20 972
21 745
22 740
23 706
24 937
25 793
26 650
27 817
28 747
29 1018
30 787
31 723
32 786
33 760
34 830
35 796
36 720
37 659
38 770
39 725
40 733
41 745
42 749
43 901
44 745
45 702
46 750
47 762
48 760
49 703
50 827
51 779
52 753
53 703
54 792
55 682
56 678
57 728
58 761
59 812
60 743
61 718
62 707
63 931
64 740
65 784
66 753
67 864
68 758
69 783
70 878
71 719
72 796
73 691
74 700
75 787
76 766
77 791
78 801
79 674
80 692
81 803
82 730
83 813
84 768
85 717
86 775
87 778
88 721
89 785
90 758
91 808
92 750
93 813
94 700
95 746
96 691
97 717
98 717
99 706
100 846
101 745
102 830
103 825
104 672
105 742
106 663
107 687
108 675
109 730
110 763
111 696
112 641
113 734
114 833
115 779
116 839
117 686
118 809
119 687
120 843
121 789
122 932
123 722
124 775
125 784
126 652
127 885
128 714
129 749
130 758
131 707
132 727
133 743
134 829
135 815
136 744
137 760
138 734
139 718
140 765
141 715
142 825
143 859
144 783
145 725
146 723
147 756
148 859
149 859
150 789
151 716
152 795
153 780
154 762
155 727
156 886
157 720
158 873
159 709
160 719
161 700
162 756
163 820
164 708
165 831
166 699
167 751
168 724
169 790
170 844
171 905
172 682
173 867
174 825
175 785
176 720
177 747
178 731
179 888
180 807
181 801
182 976
183 887
184 905
185 817
186 762
187 828
188 922
189 818
190 829
191 872
192 798
193 932
194 806
195 847
196 815
197 810
198 902
199 768
200 703
201 713
202 814
203 899
204 884
205 873
206 775
207 766
208 936
209 708
210 783
211 764
212 745
213 803
214 785
215 788
216 824
217 820
218 800
219 731
220 908
221 750
222 913
223 885
224 733
225 764
226 715
227 848
228 873
229 725
230 707
231 817
232 671
233 793
234 729
235 746
236 663
237 811
238 796
239 770
240 711
241 685
242 888
243 743
244 727
245 707
246 716
247 752
248 898
249 766
250 687
251 739
252 716
253 696
254 789
255 734
256 749
257 827
258 777
259 794
260 750
261 797
262 639
263 767
264 881
265 757
266 744
267 659
268 851
269 768
270 783
271 840
272 903
273 779
274 794
275 896
276 679
277 774
278 824
279 846
280 785
281 658
282 811
283 747
284 790
285 760
286 744
287 937
288 696
289 780
290 797
291 768
292 740
293 793
294 920
295 717
296 726
297 748
298 725
299 944
300 722
301 725
302 859
303 830
304 775
305 785
306 747
307 806
308 719
309 688
310 817
311 740
312 845
313 774
314 678
315 729
316 727
317 771
318 759
319 845
320 705
321 659
322 815
323 939
324 895
325 760
326 721
327 815
328 706
329 804
330 736
331 907
332 791
333 776
334 724
335 786
336 785
337 876
338 765
339 753
340 720
341 794
342 780
343 786
344 746
345 783
346 751
347 771
348 761
349 719
350 892
351 929
352 733
353 849
354 848
355 791
356 856
357 781
