0 245
1 232
2 249
3 279
4 268
5 271
6 305
7 312
8 321
9 360
10 365
11 370
12 371
13 376
14 378
15 391
16 389
17 408
18 377
19 376
20 412
21 379
22 378
23 401
24 398
25 386
26 355
27 417
28 404
29 362
30 358
31 403
32 408
33 399
34 365
35 369
36 378
37 390
38 384
39 426
40 409
41 399
42 393
43 412
44 347
45 423
46 404
47 400
48 364
49 417
50 417
51 445
52 424
53 452
54 403
55 451
56 475
57 465
58 407
59 387
60 409
61 453
62 383
63 433
64 401
65 415
66 408
67 460
68 426
69 395
70 415
71 452
72 392
73 404
74 417
75 446
76 411
77 433
78 335
79 426
80 435
81 389
82 390
83 417
84 397
85 389
86 393
87 433
88 374
89 428
90 387
91 413
92 381
93 411
94 371
95 394
96 368
97 395
98 434
99 427
100 465
101 444
102 449
103 416
104 447
105 399
106 450
107 420
108 441
109 399
110 446
111 451
112 405
113 392
114 402
115 437
116 428
117 431
118 457
119 388
120 415
121 415
122 421
123 447
124 444
125 415
126 415
127 446
128 416
129 475
130 424
131 441
132 413
133 433
134 381
135 400
136 444
137 419
138 409
139 432
140 426
141 382
142 436
143 405
144 409
145 431
146 427
147 397
148 473
149 387
150 367
151 449
152 437
153 422
154 413
155 436
156 408
157 428
158 418
159 429
160 388
161 489
162 394
163 439
164 458
165 394
166 446
167 450
168 396
169 406
170 452
171 454
172 437
173 454
