0 514
1 624
2 708
3 536
4 592
5 602
6 614
7 634
8 562
9 576
10 554
11 580
12 518
13 602
14 652
15 688
16 734
17 624
18 582
19 610
20 710
21 550
22 576
23 768
24 586
25 596
26 724
27 698
28 610
29 638
30 624
31 802
32 644
33 622
34 736
35 662
36 664
37 754
38 828
39 772
40 814
41 738
42 722
43 748
44 944
45 730
46 744
47 746
48 686
49 766
50 768
51 730
52 730
53 716
54 806
55 716
56 828
57 762
58 794
59 794
60 830
61 786
62 774
63 814
64 800
65 676
66 840
67 746
68 770
69 786
70 808
71 764
72 956
73 766
74 742
75 886
76 756
77 826
78 858
79 772
80 808
81 850
82 816
83 776
84 772
85 816
86 794
87 834
88 986
89 828
90 814
91 774
92 866
93 560
94 522
95 540
96 764
97 654
98 600
99 636
