0 552
1 676
2 582
3 550
4 668
5 622
6 752
7 604
8 646
9 630
10 570
11 804
12 690
13 620
14 702
15 762
16 732
17 740
18 656
19 768
20 720
21 708
22 774
23 674
24 730
25 802
26 722
27 780
28 808
29 702
30 810
31 914
32 728
33 772
34 704
35 720
36 822
37 748
38 752
39 722
40 750
41 760
42 768
43 810
44 762
45 792
46 734
47 698
48 744
49 742
50 734
51 698
52 756
53 778
54 724
55 780
56 754
57 742
58 754
59 748
60 764
61 794
62 738
63 754
64 806
65 726
66 768
67 724
68 746
69 768
70 744
71 794
72 752
73 760
74 782
75 788
76 776
77 816
78 754
79 796
80 784
81 732
82 776
83 802
84 834
85 764
86 794
87 814
88 762
89 800
90 788
91 762
92 624
93 650
94 798
95 710
96 708
97 668
98 684
99 782
