0 141
1 189
2 213
3 256
4 270
5 296
6 313
7 326
8 333
9 317
10 325
11 346
12 326
13 327
14 353
15 347
16 359
17 354
18 368
19 348
20 363
21 360
22 355
23 356
24 352
25 356
26 370
27 355
28 359
29 360
30 367
31 358
32 386
33 387
34 405
35 396
36 402
37 390
38 419
39 391
40 399
41 393
42 413
43 413
44 424
45 434
46 388
47 403
48 420
49 409
50 409
51 380
52 414
53 392
54 406
55 379
56 409
57 422
58 434
59 425
60 417
61 413
62 433
63 431
64 451
65 420
66 413
67 413
68 417
69 421
70 422
71 437
72 463
73 457
74 452
75 446
76 464
77 459
78 441
79 449
80 452
81 457
82 441
83 457
84 447
85 437
86 446
87 434
88 460
89 459
90 444
91 470
92 475
93 453
94 456
95 465
96 476
97 485
98 498
99 475
100 469
101 465
102 470
103 475
104 487
105 498
106 507
107 481
108 478
109 461
110 475
111 442
112 461
113 470
114 466
115 480
116 482
117 455
118 492
119 472
120 488
121 488
122 492
123 486
124 491
125 492
126 493
127 462
128 486
129 468
130 479
131 467
132 475
133 477
134 471
135 483
136 491
137 492
138 500
139 495
140 469
141 490
142 517
