0 430
1 516
2 560
3 531
4 666
5 613
6 624
7 675
8 676
9 732
10 719
11 632
12 639
13 668
14 675
15 647
16 723
17 670
18 766
19 663
20 696
21 690
22 672
23 743
24 712
25 666
26 688
27 721
28 646
29 728
30 796
31 686
32 766
33 760
34 772
35 744
36 762
37 756
38 679
39 690
40 760
41 750
42 721
43 728
44 774
45 799
46 766
47 758
48 814
49 745
50 688
51 718
52 747
53 764
54 756
55 704
56 709
57 758
58 745
59 787
60 774
61 736
62 715
63 785
64 791
65 785
66 802
67 734
68 850
69 766
70 820
71 762
72 848
73 879
74 763
75 747
76 832
77 794
78 817
79 782
80 832
81 730
82 814
83 838
84 764
85 905
86 876
87 861
88 842
89 728
90 767
91 788
92 860
93 818
94 794
95 808
96 784
97 882
98 857
99 796
100 766
101 834
102 762
103 798
104 765
105 842
106 793
107 856
108 882
109 797
110 790
111 814
112 786
113 785
114 861
115 840
116 944
117 756
118 838
119 796
120 890
121 844
122 871
123 809
124 827
125 814
126 820
127 811
128 848
129 936
130 896
131 819
132 863
133 872
134 818
135 882
136 848
137 904
138 800
139 816
140 817
141 814
142 809
143 792
144 850
145 836
146 820
147 798
148 892
149 909
150 893
151 876
152 952
153 760
154 732
155 830
156 743
157 1027
158 763
159 764
160 880
161 838
