0 170
1 217
2 255
3 291
4 312
5 313
6 339
7 360
8 356
9 360
10 352
11 362
12 368
13 392
14 370
15 378
16 362
17 389
18 377
19 394
20 412
21 410
22 403
23 410
24 401
25 400
26 427
27 437
28 417
29 414
30 429
31 423
32 437
33 438
34 432
35 408
36 418
37 423
38 420
39 413
40 416
41 445
42 445
43 459
44 485
45 472
46 466
47 470
48 491
49 466
50 459
51 439
52 469
53 437
54 453
55 449
56 454
57 439
58 446
59 475
60 485
61 468
62 487
63 492
64 526
65 485
66 493
67 485
68 489
69 506
70 502
71 524
72 492
73 507
74 496
75 487
76 498
77 523
78 495
79 485
80 513
81 513
82 483
83 493
84 490
85 488
86 487
87 504
88 507
89 492
90 511
91 493
92 516
93 510
94 500
95 537
96 530
97 555
98 546
99 543
100 508
101 542
102 517
103 515
104 523
105 530
106 534
107 552
108 543
109 533
110 536
111 531
112 541
113 545
114 555
115 531
116 558
117 550
118 547
119 540
120 540
121 544
122 562
123 540
124 523
125 530
126 531
127 526
128 541
129 546
130 536
131 552
132 568
133 542
134 540
135 538
136 553
137 547
138 538
139 541
140 511
141 520
142 530
143 536
144 512
145 547
146 523
147 509
148 538
149 560
150 561
151 576
152 546
153 559
154 542
155 546
156 534
157 536
158 530
159 528
160 540
161 540
