0 171
1 208
2 249
3 259
4 294
5 299
6 340
7 320
8 319
9 330
10 339
11 392
12 383
13 416
14 390
15 379
16 412
17 401
18 372
19 392
20 399
21 405
22 450
23 432
24 422
25 429
26 433
27 400
28 419
29 401
30 398
31 447
32 421
33 389
34 419
35 435
36 405
37 428
38 417
39 423
40 385
41 383
42 381
43 395
44 384
45 377
46 398
47 419
48 417
49 378
50 384
51 383
52 385
53 407
54 412
55 418
56 425
57 423
58 424
59 415
60 448
61 425
62 434
63 428
64 449
65 443
66 436
67 447
68 420
69 423
70 425
71 417
72 426
73 425
74 472
75 439
76 449
77 457
78 442
79 439
80 430
81 454
82 455
83 480
84 473
85 477
86 438
87 471
88 477
89 437
90 442
91 459
92 450
93 463
94 456
95 444
96 466
97 430
98 443
99 435
100 465
101 449
102 460
103 448
104 454
105 486
106 484
107 485
108 484
109 501
110 493
111 490
112 490
113 492
114 487
115 488
116 499
117 512
118 534
119 523
120 548
121 497
122 521
123 524
124 531
125 546
126 509
127 516
128 540
129 515
130 522
131 507
132 537
133 537
134 500
135 541
136 527
137 515
138 525
139 559
140 558
141 542
142 590
143 537
144 586
145 595
146 580
147 570
148 616
149 583
150 562
151 549
152 551
153 567
154 551
155 539
156 554
157 591
158 546
159 514
160 537
161 552
162 542
163 508
164 551
165 559
166 549
167 562
168 558
169 543
170 560
171 541
172 533
173 530
174 558
175 556
176 541
177 534
178 562
179 551
180 524
181 547
182 551
183 535
184 532
185 547
186 547
187 546
188 570
189 555
190 558
191 524
192 498
193 531
194 536
195 546
196 527
197 565
198 532
199 503
200 552
201 547
202 550
203 572
204 537
205 543
206 551
207 529
208 533
209 554
210 539
211 545
212 541
213 538
214 539
215 540
216 565
217 510
218 568
219 527
220 526
221 557
222 533
223 559
224 561
225 508
226 545
227 528
228 547
229 538
230 534
231 512
232 495
233 536
234 531
235 536
236 543
237 531
238 553
239 547
240 581
241 531
242 546
243 546
244 549
245 565
246 559
247 580
248 552
249 559
250 531
251 533
252 531
253 555
254 548
255 557
256 574
257 533
258 551
259 555
260 555
261 532
262 532
263 544
264 541
265 554
266 531
267 524
268 530
269 502
270 528
271 547
272 538
273 539
274 559
275 552
276 528
277 538
278 526
279 540
280 536
281 528
282 527
283 546
284 522
285 527
286 547
287 531
288 556
289 541
290 557
291 542
292 544
293 525
294 561
295 519
296 535
297 528
298 536
299 550
300 520
301 542
302 498
303 511
304 537
305 539
306 542
307 534
308 511
309 533
310 548
311 533
312 517
313 539
314 546
315 556
316 516
317 524
318 524
319 519
320 515
321 514
322 505
323 499
324 533
325 558
326 532
327 540
328 517
329 525
330 523
331 540
332 546
333 545
334 533
335 578
336 556
337 528
338 527
339 526
340 530
341 544
342 551
343 565
344 548
345 559
346 539
347 558
348 521
349 534
350 556
351 540
352 527
353 539
354 570
355 542
356 526
357 530
358 515
359 564
360 516
361 539
362 545
363 551
364 526
365 533
366 538
367 573
368 548
369 542
370 525
371 536
372 532
373 584
374 562
375 542
376 544
377 529
378 514
379 511
380 536
381 552
382 537
383 529
384 561
385 552
386 558
387 547
388 538
389 532
390 537
391 556
392 532
393 528
394 526
395 538
396 529
397 542
398 536
399 531
400 532
401 530
402 545
403 548
404 536
405 576
406 514
407 532
408 530
409 538
410 520
411 525
412 536
413 516
414 522
415 550
416 540
417 525
418 538
419 556
420 545
421 524
422 529
423 550
424 554
425 508
426 553
427 536
428 524
429 519
430 555
431 544
432 512
433 520
434 525
435 495
436 531
437 574
438 551
439 530
440 536
441 541
442 530
443 537
444 539
445 525
446 522
447 534
448 583
449 556
450 532
451 554
452 551
453 527
454 544
455 556
456 536
457 568
458 536
459 543
460 528
461 515
462 537
463 524
464 544
465 553
466 538
467 566
468 536
469 525
470 540
471 538
472 553
473 519
474 543
475 545
476 521
477 525
478 514
479 545
480 516
481 563
482 508
483 536
484 518
485 537
486 528
487 553
488 540
489 536
490 525
491 541
492 507
493 523
494 511
495 511
496 527
497 515
498 549
499 529
500 499
501 508
502 520
503 548
504 509
505 511
506 516
507 483
508 514
509 488
510 495
511 508
512 518
513 518
514 517
515 545
516 504
517 503
518 544
519 531
520 549
521 545
522 549
523 507
524 514
525 530
526 532
527 508
528 529
529 529
530 517
531 533
532 529
533 547
534 519
535 534
536 507
537 525
538 519
539 536
540 551
541 574
542 516
543 533
544 572
545 564
546 544
547 544
548 540
549 535
550 533
551 534
552 531
553 522
554 525
555 557
556 512
557 517
558 530
559 555
