0 144
1 206
2 257
3 269
4 267
5 272
6 295
7 308
8 311
9 298
10 301
11 325
12 311
13 347
14 349
15 352
16 337
17 343
18 332
19 327
20 359
21 358
22 359
23 387
24 362
25 352
26 388
27 351
28 386
29 380
30 367
31 443
32 387
33 380
34 369
35 382
36 408
37 393
38 413
39 407
40 415
41 429
42 419
43 423
44 407
45 440
46 437
47 459
48 448
49 440
50 446
51 444
52 452
53 424
54 431
55 441
56 427
57 430
58 428
59 420
60 447
61 429
62 456
63 450
64 423
65 438
66 421
67 427
68 409
69 413
70 441
71 464
72 430
73 456
74 451
75 433
76 436
77 438
78 436
79 440
80 450
81 460
82 469
83 460
84 460
85 487
86 466
87 470
88 469
89 470
90 480
91 481
92 490
93 509
94 492
95 470
96 477
97 504
98 475
99 485
100 520
101 506
102 508
103 481
104 524
105 527
106 498
107 499
108 519
109 488
110 511
111 520
112 535
113 523
114 511
115 519
116 502
117 505
118 515
119 518
120 488
121 508
122 480
123 522
124 516
125 521
126 523
127 548
128 515
129 502
130 527
131 508
132 521
133 539
134 512
135 506
136 489
137 510
138 514
139 514
140 496
141 527
142 539
143 541
144 549
145 506
146 499
147 509
148 534
149 513
150 523
151 520
152 498
153 522
154 532
155 519
156 522
157 520
158 546
159 526
160 531
161 523
162 541
163 535
164 537
165 543
166 536
167 544
168 535
169 569
170 568
171 536
172 542
173 530
174 500
175 522
176 534
177 510
178 527
179 561
180 509
181 549
182 519
183 523
184 533
185 539
186 530
187 542
188 538
189 501
190 536
191 586
192 538
193 512
194 546
195 535
196 551
197 566
198 532
199 544
200 532
201 540
202 552
203 550
204 549
205 548
206 526
207 534
208 533
209 530
210 522
211 538
212 531
213 538
214 546
215 557
216 515
217 537
218 538
219 502
220 538
221 518
222 546
223 519
224 519
225 512
226 526
227 518
228 528
229 525
230 531
231 523
232 548
233 522
234 506
235 545
236 570
237 534
238 602
239 597
240 540
241 551
242 551
243 547
244 568
245 545
246 550
247 549
248 575
249 526
250 542
251 553
252 544
253 557
254 564
255 557
256 516
257 558
258 558
259 562
260 537
261 531
262 525
263 503
264 520
265 525
266 531
267 528
268 544
269 518
270 518
271 523
272 572
273 513
274 542
275 521
276 500
277 528
278 562
279 551
280 532
281 564
282 540
283 563
284 535
285 535
286 529
287 530
288 530
289 554
290 534
291 528
292 534
293 486
294 515
295 508
296 549
297 567
298 566
299 535
