0 207
1 259
2 311
3 361
4 356
5 360
6 356
7 340
8 341
9 374
10 357
11 381
12 369
13 378
14 408
15 440
16 469
17 438
18 440
19 458
20 474
21 509
22 510
23 523
24 532
25 502
26 512
27 505
28 533
29 498
30 522
31 518
32 557
33 570
34 555
35 535
36 532
37 533
38 539
39 527
40 530
41 559
42 556
43 560
44 555
45 542
46 561
47 542
48 539
49 553
50 527
51 525
52 559
53 566
54 568
55 567
56 568
57 574
58 568
59 562
60 542
61 562
62 565
63 567
64 579
65 598
66 586
67 581
68 571
69 572
70 586
71 626
72 613
73 634
74 630
75 600
76 602
77 573
78 605
79 608
80 618
81 562
82 587
83 608
84 609
85 607
86 612
87 610
88 615
89 593
90 594
91 607
92 482
93 529
94 534
95 541
96 541
97 507
98 484
99 502
