0 211
1 296
2 311
3 299
4 319
5 331
6 303
7 331
8 300
9 312
10 302
11 310
12 327
13 345
14 345
15 354
16 354
17 335
18 326
19 316
20 337
21 338
22 321
23 324
24 364
25 331
26 348
27 331
28 345
29 331
30 344
31 340
32 331
33 368
34 355
35 347
36 367
37 356
38 354
39 361
40 350
41 380
42 365
43 364
44 339
45 366
46 347
47 364
48 353
49 382
50 376
51 387
52 350
53 394
54 383
55 409
56 373
57 379
58 401
59 390
60 381
61 369
62 399
63 411
64 417
65 410
66 403
67 404
68 420
69 404
70 429
71 407
72 436
73 393
74 402
75 408
76 416
77 429
78 397
79 438
80 428
81 440
82 439
83 395
84 438
85 461
86 403
87 409
88 456
89 438
90 415
91 469
92 444
93 463
94 419
95 427
96 465
97 466
98 453
99 484
