0 603
1 642
2 584
3 637
4 619
5 647
6 656
7 574
8 630
9 690
10 725
11 703
12 785
13 738
14 739
15 665
16 746
17 761
18 761
19 709
20 756
21 674
22 750
23 700
24 724
25 846
26 734
27 720
28 764
29 809
30 791
31 979
32 791
33 775
34 851
35 920
36 769
37 838
38 828
39 794
40 813
41 736
42 760
43 805
44 787
45 858
46 761
47 702
48 738
49 817
50 830
51 879
52 782
53 804
54 821
55 886
56 805
57 963
58 824
59 721
60 861
61 790
62 740
63 879
64 826
65 779
66 902
67 805
68 987
69 773
70 864
71 871
72 1034
73 711
74 857
75 871
76 961
77 1093
78 852
79 755
80 782
81 1035
82 885
83 865
84 863
85 905
86 787
87 969
88 809
89 984
90 818
91 750
92 766
93 892
94 743
95 839
96 946
97 915
98 809
99 869
100 982
101 745
102 801
103 808
104 828
105 801
106 791
107 759
108 838
109 815
110 861
111 798
112 989
113 778
114 793
115 806
116 810
117 904
118 997
119 1029
120 903
121 829
122 786
123 851
124 947
125 855
126 909
127 878
128 874
129 803
130 969
131 882
132 968
133 957
134 851
135 1074
136 900
137 833
138 946
139 881
140 892
141 1009
142 804
143 810
144 985
145 978
146 989
147 980
148 944
149 842
150 859
151 879
152 893
153 926
154 858
155 845
156 824
157 1063
158 975
159 967
160 958
161 1096
162 1022
163 1007
164 959
165 850
166 949
167 862
168 975
169 1014
170 866
171 901
172 875
173 908
174 941
175 1068
176 1143
177 895
178 942
179 868
180 859
181 845
182 871
183 862
184 962
185 834
186 1104
187 837
188 1079
189 941
190 899
191 828
192 889
193 994
194 852
195 911
196 826
197 918
198 907
199 909
200 988
201 926
202 968
203 904
204 924
205 890
206 884
207 988
208 1059
209 968
210 927
211 854
212 929
213 937
214 1032
215 883
216 897
217 949
218 831
219 991
220 995
221 969
222 914
223 944
224 903
225 998
226 927
227 934
228 938
229 910
230 944
231 857
232 1015
233 885
234 1031
235 973
236 1041
237 937
238 984
239 937
240 946
241 866
242 950
243 887
244 792
245 818
246 811
247 940
248 815
249 897
250 827
251 804
252 976
253 772
254 813
255 917
256 1072
257 821
258 921
259 803
260 784
261 835
262 779
263 803
264 863
265 948
266 733
267 742
268 847
269 737
270 829
271 786
272 783
273 797
274 776
275 769
276 802
277 744
278 783
279 761
280 972
281 831
282 836
283 859
284 762
285 771
286 905
287 863
288 849
289 996
290 797
291 908
292 846
293 929
294 1038
295 918
296 860
297 833
298 989
299 918
300 828
301 882
302 781
303 853
304 847
305 818
306 825
307 960
308 839
309 886
310 846
311 1029
312 881
313 789
314 906
315 768
316 815
317 919
318 901
319 880
320 770
321 701
322 880
323 923
324 796
325 730
326 798
327 835
328 766
329 864
330 826
331 791
332 828
333 785
334 716
335 793
336 842
337 786
338 779
339 839
340 738
341 862
342 873
343 900
344 1108
345 861
346 888
347 908
348 805
349 769
350 853
351 856
352 866
353 753
354 814
355 863
356 883
357 804
358 852
359 760
360 838
361 817
362 815
363 807
364 717
365 821
366 786
367 747
368 768
369 772
370 845
371 847
372 881
373 690
374 878
375 820
376 709
377 770
378 792
379 770
380 779
381 739
382 798
383 845
384 798
385 940
386 809
387 864
388 812
389 788
390 859
391 795
392 781
393 703
394 873
395 779
396 806
397 819
398 719
399 822
400 766
401 857
402 721
403 764
