0 570
1 610
2 586
3 670
4 634
5 674
6 578
7 644
8 604
9 638
10 730
11 646
12 772
13 692
14 644
15 686
16 646
17 722
18 668
19 702
20 740
21 654
22 714
23 746
24 686
25 682
26 702
27 702
28 720
29 694
30 702
31 748
32 698
33 706
34 762
35 710
36 704
37 732
38 800
39 696
40 700
41 688
42 764
43 790
44 740
45 800
46 724
47 732
48 678
49 768
50 658
51 702
52 690
53 710
54 756
55 712
56 710
57 728
58 776
59 722
60 690
61 746
62 776
63 994
64 760
65 744
66 736
67 752
68 726
69 772
70 736
71 788
72 722
73 736
74 774
75 800
76 868
77 780
78 776
79 786
80 762
81 736
82 732
83 772
84 748
85 790
86 780
87 776
88 846
89 716
90 758
91 750
92 786
93 676
94 780
95 724
96 690
97 696
98 652
99 758
