0 594
1 546
2 594
3 652
4 584
5 570
6 636
7 604
8 568
9 558
10 580
11 586
12 568
13 600
14 524
15 624
16 576
17 544
18 726
19 590
20 610
21 660
22 660
23 710
24 802
25 640
26 802
27 774
28 766
29 892
30 774
31 824
32 882
33 868
34 912
35 824
36 904
37 998
38 768
39 842
40 872
41 910
42 1030
43 1034
44 894
45 850
46 852
47 788
48 900
49 802
50 764
51 930
52 828
53 1062
54 884
55 882
56 854
57 840
58 890
59 834
60 854
61 804
62 922
63 938
64 892
65 872
66 874
67 920
68 912
69 892
70 888
71 922
72 844
73 870
74 868
75 910
76 894
77 934
78 838
79 930
80 918
81 1152
82 878
83 776
84 882
85 894
86 756
87 1052
88 802
89 806
90 808
91 794
