0 220
1 273
2 334
3 366
4 346
5 375
6 372
7 369
8 377
9 404
10 403
11 399
12 407
13 413
14 398
15 405
16 407
17 449
18 424
19 424
20 438
21 430
22 422
23 436
24 411
25 423
26 435
27 437
28 432
29 444
30 417
31 437
32 406
33 423
34 454
35 481
36 475
37 480
38 472
39 463
40 496
41 478
42 474
43 469
44 463
45 467
46 493
47 506
48 502
49 524
50 514
51 534
52 516
53 528
54 548
55 541
56 561
57 553
58 557
59 566
60 564
61 538
62 544
63 487
64 521
65 512
66 534
67 557
68 545
69 521
70 529
71 545
72 547
73 545
74 543
75 582
76 585
77 626
78 615
79 596
80 627
81 618
82 604
83 597
84 580
85 605
86 603
87 587
88 591
89 594
90 614
91 593
92 624
93 417
94 428
95 412
96 421
97 434
98 438
99 436
