0 264
1 304
2 319
3 384
4 398
5 392
6 406
7 393
8 388
9 427
10 439
11 432
12 419
13 434
14 496
15 462
16 449
17 482
18 464
19 462
20 428
21 456
22 499
23 474
24 446
25 460
26 455
27 477
28 504
29 510
30 462
31 481
32 503
33 489
34 505
35 505
36 478
37 459
38 438
39 508
40 498
41 517
42 506
43 467
44 477
45 528
46 474
47 458
48 459
49 508
50 482
51 501
52 500
53 510
54 524
55 529
56 474
57 521
58 479
59 476
60 501
61 534
62 511
63 540
64 491
65 509
66 517
67 498
68 507
69 499
70 527
71 502
72 534
73 498
74 535
75 526
76 543
77 590
78 559
79 554
80 514
81 581
82 503
83 549
84 541
85 541
86 475
87 515
88 549
89 547
90 502
91 529
92 500
93 514
94 463
95 491
96 525
97 506
98 544
99 515
100 533
101 484
102 508
103 491
104 530
105 516
106 474
107 498
108 504
109 491
110 483
111 490
112 497
113 509
114 524
115 475
116 530
117 513
118 502
119 542
120 517
121 518
122 498
123 555
124 559
125 538
126 598
127 533
128 539
129 509
130 490
131 539
132 557
133 550
134 600
135 566
136 591
137 547
138 553
139 569
140 530
141 554
142 549
143 563
144 520
145 545
146 613
147 620
148 596
149 529
150 590
151 577
152 576
153 569
154 557
155 535
156 551
157 597
158 558
159 542
160 600
161 606
162 530
163 556
164 550
165 539
166 613
167 578
168 534
169 554
170 574
171 581
172 566
173 521
174 566
175 582
176 663
177 555
178 594
179 596
180 573
181 555
182 566
183 505
184 545
185 566
186 574
187 568
188 555
189 535
190 553
191 564
192 581
193 584
194 544
195 575
196 548
197 584
198 544
199 563
200 534
201 526
202 535
203 579
204 566
205 587
206 548
207 552
208 594
209 596
210 569
211 582
212 599
213 551
214 576
215 571
216 558
217 614
218 547
219 563
220 587
221 549
222 577
223 554
224 568
225 562
226 552
227 572
228 587
229 575
230 533
231 548
232 554
233 561
234 664
235 587
236 601
237 535
238 521
239 527
240 533
241 518
242 510
243 551
244 513
245 544
246 505
247 552
248 529
249 533
250 524
251 520
252 586
253 514
254 499
255 499
256 532
257 519
258 507
259 479
260 529
261 474
262 455
263 494
264 506
265 486
266 475
267 462
268 468
269 477
270 485
271 498
272 487
273 468
274 474
275 487
276 465
277 491
278 507
279 443
280 519
281 521
282 527
283 486
284 534
285 473
286 522
287 492
288 502
289 472
290 484
291 525
292 519
293 535
294 507
295 538
296 549
297 487
298 502
299 546
300 508
301 512
302 459
303 484
304 520
305 522
306 506
307 520
308 502
309 467
310 496
311 510
312 493
313 485
314 539
315 516
316 480
317 511
318 525
319 505
320 514
321 480
322 517
323 460
324 469
325 489
326 468
327 507
328 470
329 512
330 467
331 475
332 479
333 508
334 445
335 483
336 495
337 490
338 477
339 498
340 471
341 494
342 511
343 514
344 515
345 502
346 541
347 563
348 493
349 481
350 513
351 517
352 490
353 502
354 516
355 518
356 531
357 514
358 560
359 499
360 512
361 488
362 490
363 504
364 484
365 507
366 457
367 466
368 489
369 528
370 504
371 529
372 521
373 439
374 497
375 492
376 468
377 463
378 516
379 531
380 481
381 504
382 512
383 474
384 520
385 512
386 482
387 475
388 505
389 512
390 499
391 464
392 491
393 476
394 536
395 493
396 479
397 484
398 496
399 531
400 503
401 523
402 485
403 499
