0 217
1 287
2 336
3 369
4 390
5 403
6 405
7 412
8 421
9 437
10 467
11 465
12 518
13 489
14 492
15 496
16 462
17 495
18 495
19 529
20 504
21 518
22 513
23 530
24 535
25 500
26 514
27 522
28 525
29 530
30 542
31 541
32 555
33 523
34 553
35 544
36 561
37 548
38 536
39 563
40 552
41 565
42 566
43 573
44 574
45 554
46 555
47 557
48 522
49 555
50 526
51 508
52 545
53 548
54 542
55 543
56 523
57 560
58 560
59 561
60 508
61 554
62 554
63 555
64 565
65 530
66 568
67 529
68 575
69 588
70 571
71 586
72 548
73 562
74 581
75 565
76 585
77 592
78 587
79 594
80 583
81 582
82 560
83 604
84 569
85 565
86 586
87 592
88 606
89 473
90 554
91 463
92 487
93 425
94 435
95 454
96 399
97 425
98 474
99 475
