0 614
1 446
2 700
3 730
4 864
5 824
6 586
7 652
8 656
9 732
10 732
11 772
12 610
13 704
14 698
15 612
16 846
17 970
18 780
19 762
20 716
21 710
22 648
23 794
24 988
25 680
26 752
27 646
28 938
29 784
30 742
31 724
32 876
33 716
34 760
35 942
36 804
37 1132
38 726
39 654
40 840
41 766
42 642
43 768
44 832
45 928
46 802
47 746
48 714
49 752
50 818
51 750
52 704
53 776
54 696
55 860
56 802
57 840
58 780
59 866
60 954
61 898
62 788
63 910
64 800
65 764
66 902
67 756
68 936
69 768
70 838
71 702
72 790
73 798
74 692
75 756
76 884
77 848
78 1112
79 968
80 790
81 766
82 880
83 772
84 906
85 898
86 850
87 854
88 834
89 772
90 840
91 778
92 850
93 984
94 886
95 852
96 906
97 848
98 754
99 834
