0 443
1 460
2 551
3 584
4 588
5 492
6 542
7 567
8 546
9 550
10 621
11 712
12 518
13 610
14 622
15 661
16 636
17 649
18 618
19 558
20 585
21 583
22 678
23 817
24 657
25 673
26 678
27 608
28 549
29 572
30 592
31 686
32 582
33 638
34 653
35 669
36 770
37 663
38 720
39 682
40 691
41 653
42 707
43 726
44 725
45 827
46 746
47 667
48 708
49 729
50 704
51 658
52 812
53 776
54 764
55 602
56 704
57 728
58 784
59 644
60 644
61 704
62 746
63 688
64 820
65 707
66 744
67 639
68 695
69 609
70 657
71 788
72 799
73 716
74 781
75 800
76 732
77 740
78 768
79 746
80 711
81 839
82 668
83 766
84 744
85 712
86 712
87 673
88 772
89 650
90 744
91 764
92 777
93 684
94 738
95 762
96 781
97 790
98 801
99 753
100 777
101 733
102 754
103 778
104 786
105 833
106 760
107 719
108 801
109 663
110 727
111 747
112 797
113 949
114 776
115 753
116 870
117 780
118 798
119 756
120 852
121 792
122 920
123 741
124 830
125 780
126 731
127 709
128 772
129 786
130 813
131 786
132 824
133 944
134 846
135 819
136 784
137 774
138 825
139 772
140 732
141 730
142 754
