0 535
1 627
2 621
3 627
4 677
5 781
6 683
7 530
8 705
9 630
10 777
11 882
12 701
13 765
14 799
15 779
16 847
17 874
18 802
19 856
20 720
21 796
22 1021
23 784
24 740
25 1092
26 786
27 783
28 732
29 902
30 838
31 820
32 854
33 1006
34 1027
35 1019
36 823
37 827
38 792
39 833
40 840
41 837
42 809
43 1036
44 887
45 983
46 879
47 1114
48 849
49 813
50 1043
51 912
52 923
53 901
54 762
55 881
56 858
57 866
58 842
59 931
60 767
61 779
62 800
63 921
64 1067
65 861
66 787
67 758
68 895
69 821
70 828
71 975
72 811
73 846
74 962
75 1011
76 795
77 901
78 859
79 880
80 959
81 986
82 1069
83 849
84 866
85 826
86 876
87 806
88 868
89 913
90 948
91 852
92 911
93 871
94 852
95 848
96 798
97 785
98 853
99 958
100 898
101 816
102 850
103 901
104 898
105 849
106 735
107 1204
108 872
109 879
110 864
111 1002
112 846
113 827
114 794
115 864
116 789
117 869
118 788
119 892
120 867
121 943
122 848
123 777
124 772
125 979
126 786
127 825
128 828
129 755
130 831
131 814
132 789
133 794
134 877
135 835
136 776
137 714
138 1036
139 929
140 852
141 784
142 828
143 825
144 1040
145 787
146 828
147 826
148 758
149 816
150 731
151 784
152 857
153 1011
154 820
155 879
156 847
157 775
158 743
159 922
160 869
161 821
162 753
163 948
164 824
165 876
166 921
167 844
168 792
169 790
170 822
171 987
172 824
173 859
174 761
175 852
176 879
177 771
178 803
179 835
180 681
181 777
182 787
183 788
184 981
185 744
186 772
187 862
188 872
189 822
190 817
191 800
192 876
193 877
194 904
195 824
196 811
197 975
198 809
199 867
200 914
201 932
202 809
203 1036
204 912
205 942
206 816
207 861
208 846
209 844
210 971
211 891
212 829
213 891
214 811
215 915
216 826
217 882
218 826
219 847
220 821
221 976
222 890
223 847
224 902
225 817
226 936
227 757
228 1121
229 815
230 915
231 988
232 846
233 799
234 862
235 897
236 859
237 832
238 969
239 778
240 975
241 848
242 817
243 896
244 805
245 890
246 968
247 876
248 814
249 903
250 831
251 894
252 943
253 949
254 840
255 884
256 893
257 827
258 838
259 804
260 952
261 962
262 869
263 1112
264 946
265 962
266 781
267 810
268 762
269 1000
270 987
