0 520
1 535
2 585
3 597
4 612
5 533
6 723
7 704
8 709
9 848
10 690
11 681
12 699
13 825
14 674
15 809
16 698
17 667
18 669
19 731
20 849
21 819
22 751
23 739
24 724
25 675
26 677
27 598
28 714
29 672
30 682
31 666
32 627
33 673
34 767
35 694
36 847
37 655
38 629
39 722
40 669
41 674
42 701
43 687
44 706
45 700
46 728
47 738
48 720
49 818
50 710
51 734
52 701
53 783
54 637
55 703
56 744
57 753
58 733
59 740
60 782
61 648
62 838
63 657
64 776
65 806
66 685
67 741
68 756
69 773
70 692
71 689
72 760
73 654
74 755
75 735
76 718
77 717
78 745
79 694
80 743
81 691
82 732
83 767
84 685
85 733
86 802
87 708
88 682
89 682
90 720
91 676
92 703
93 938
94 742
95 764
96 781
97 846
98 749
99 792
100 794
101 832
102 1042
103 676
104 847
105 845
106 795
107 638
108 693
109 780
110 800
111 899
112 804
113 662
114 777
115 784
116 711
117 776
118 702
119 763
120 769
121 740
122 833
123 915
124 787
125 762
126 768
127 767
128 811
129 868
130 797
131 798
132 933
133 745
134 795
135 720
136 816
137 866
138 732
139 818
140 781
141 713
142 803
143 748
144 808
145 734
146 873
147 824
148 723
149 746
150 816
151 753
152 798
153 710
154 795
155 766
156 937
157 746
158 774
159 846
160 702
161 737
162 821
163 721
164 775
165 806
166 677
167 799
168 751
169 701
170 722
171 789
172 674
173 796
174 730
175 760
176 835
177 836
178 783
179 759
180 797
181 920
182 973
183 763
184 732
185 774
186 776
187 728
188 755
189 795
190 735
191 742
192 707
193 794
194 922
195 774
196 841
197 930
198 868
199 771
200 828
201 827
202 924
203 827
204 731
205 795
206 788
207 676
208 915
209 899
210 766
211 922
212 784
213 795
214 724
215 881
216 831
217 756
218 765
219 877
220 880
221 884
222 864
223 875
224 815
225 829
226 831
227 976
228 845
229 905
230 851
231 783
232 772
233 913
234 995
235 794
236 874
237 803
238 1008
239 798
240 987
241 776
242 739
243 902
244 857
245 925
246 808
247 783
248 776
249 875
250 734
251 913
252 878
253 750
254 966
255 878
256 871
257 949
258 800
259 763
260 899
261 831
262 866
263 916
264 976
265 855
266 912
267 811
268 867
269 959
270 806
271 935
272 769
273 789
274 883
275 976
276 748
277 993
278 914
279 874
280 802
281 1012
282 724
283 944
284 834
285 761
286 896
287 854
288 964
289 880
290 822
291 835
292 848
293 927
294 960
295 799
296 897
297 858
298 753
299 754
300 926
301 729
302 855
303 847
304 860
305 921
306 886
307 923
308 812
309 766
310 788
311 870
312 980
313 812
314 811
315 954
316 745
317 772
318 889
