0 253
1 280
2 348
3 345
4 345
5 357
6 409
7 388
8 399
9 452
10 449
11 438
12 376
13 447
14 430
15 416
16 435
17 394
18 410
19 408
20 410
21 403
22 416
23 405
24 418
25 403
26 442
27 392
28 400
29 407
30 443
31 414
32 404
33 411
34 386
35 397
36 432
37 407
38 417
39 436
40 440
41 427
42 435
43 404
44 438
45 463
46 439
47 453
48 450
49 451
50 448
51 496
52 437
53 445
54 423
55 461
56 472
57 463
58 445
59 468
60 419
61 435
62 467
63 424
64 436
65 414
66 448
67 450
68 449
69 410
70 439
71 410
72 465
73 473
74 480
75 454
76 483
77 455
78 453
79 474
80 477
81 471
82 455
83 483
84 445
85 482
86 484
87 450
88 486
89 453
90 467
91 419
92 447
93 477
94 464
95 462
96 471
97 460
98 456
99 416
100 450
101 493
102 491
103 443
104 489
105 497
106 481
107 438
108 435
109 485
110 442
111 460
112 505
113 475
114 439
115 451
116 491
117 465
118 459
119 471
120 463
121 480
122 478
123 478
124 499
125 501
126 486
127 458
128 504
129 517
130 506
131 471
132 516
133 459
134 491
135 482
136 481
137 490
138 474
139 449
140 465
141 473
142 503
143 484
144 478
145 509
146 483
147 484
148 441
149 469
150 481
151 464
152 453
153 453
154 461
155 476
156 421
157 481
158 445
159 455
160 444
161 474
162 458
163 463
164 428
165 477
166 442
167 469
168 469
169 457
170 448
171 492
172 447
173 456
174 461
175 457
176 526
177 455
178 470
179 479
180 493
181 500
182 493
183 487
184 449
185 471
186 522
187 465
188 487
189 486
190 489
191 483
192 456
193 465
194 499
195 464
196 468
197 486
198 478
199 465
200 479
201 507
202 528
203 545
204 484
205 512
206 502
207 461
208 489
209 512
210 470
211 511
212 495
213 527
214 498
215 477
216 512
217 452
218 506
219 534
220 517
221 525
222 482
223 549
224 510
225 490
226 504
227 513
228 509
229 559
230 524
231 515
232 477
233 540
234 556
235 541
236 515
237 520
238 539
239 529
240 533
241 522
242 475
243 520
244 581
245 525
246 510
247 474
248 509
249 521
250 473
251 549
252 531
253 532
254 505
255 533
256 526
257 516
258 504
259 522
260 521
261 492
262 501
263 499
264 499
265 489
266 514
267 541
268 494
269 525
270 498
271 533
272 489
273 496
274 529
275 519
276 525
277 528
278 553
279 522
280 514
281 551
282 489
283 532
284 503
285 499
286 488
287 516
288 504
289 509
290 509
291 506
292 512
293 525
294 538
295 548
296 488
297 518
298 473
299 447
300 477
301 521
302 504
303 495
304 498
305 549
306 513
307 482
308 500
309 498
310 507
311 523
312 552
313 506
314 496
315 519
316 507
317 517
318 535
