0 568
1 856
2 558
3 604
4 598
5 584
6 668
7 580
8 628
9 694
10 626
11 692
12 686
13 626
14 620
15 674
16 744
17 764
18 716
19 612
20 856
21 706
22 674
23 682
24 658
25 824
26 806
27 704
28 626
29 740
30 698
31 788
32 712
33 744
34 718
35 888
36 840
37 674
38 718
39 722
40 652
41 596
42 674
43 756
44 764
45 654
46 666
47 772
48 716
49 706
50 782
51 776
52 700
53 760
54 710
55 800
56 758
57 768
58 850
59 682
60 722
61 752
62 670
63 714
64 702
65 796
66 642
67 778
68 794
69 712
70 712
71 820
72 722
73 718
74 788
75 700
76 828
77 720
78 654
79 774
80 748
81 736
82 738
83 742
84 740
85 644
86 616
87 818
88 650
89 718
90 916
91 772
92 714
93 860
94 744
95 646
96 678
97 754
98 792
99 718
100 720
101 680
102 772
103 780
104 942
105 648
106 730
107 794
108 844
109 688
110 828
111 824
112 736
113 688
114 744
115 812
116 844
117 698
118 710
119 750
120 656
121 800
122 688
123 714
124 766
125 830
126 842
127 710
128 748
129 754
130 752
131 854
132 736
133 686
134 710
135 600
136 724
137 834
138 706
139 740
140 742
141 668
142 880
143 696
144 732
145 684
146 714
147 738
148 744
149 686
150 582
151 728
152 756
153 820
154 720
155 756
156 666
157 782
158 766
159 646
160 712
161 804
162 632
163 716
164 798
165 718
166 736
167 810
168 692
169 674
170 732
171 764
172 716
173 898
