0 626
1 547
2 581
3 578
4 596
5 541
6 684
7 776
8 589
9 711
10 846
11 759
12 735
13 887
14 779
15 680
16 831
17 815
18 828
19 822
20 713
21 884
22 810
23 947
24 712
25 765
26 966
27 751
28 841
29 783
30 794
31 800
32 764
33 851
34 838
35 768
36 819
37 693
38 781
39 718
40 668
41 643
42 784
43 715
44 697
45 788
46 702
47 857
48 852
49 704
50 698
51 751
52 736
53 751
54 857
55 791
56 750
57 837
58 949
59 776
60 770
61 711
62 719
63 778
64 796
65 849
66 754
67 763
68 738
69 824
70 736
71 829
72 822
73 851
74 883
75 806
76 745
77 851
78 692
79 801
80 756
81 800
82 767
83 924
84 762
85 863
86 718
87 803
88 710
89 754
90 732
91 803
92 812
93 871
94 960
95 775
96 764
97 803
98 728
99 825
100 944
101 758
102 879
103 867
104 932
105 826
106 869
107 894
108 804
109 877
110 988
111 859
112 872
113 841
114 750
115 902
116 816
117 910
118 961
119 974
120 930
121 840
122 948
123 907
124 957
125 909
126 941
127 897
128 896
129 943
130 885
131 879
132 946
133 839
134 826
135 877
136 915
137 1024
138 789
139 963
140 852
141 939
142 1016
143 829
144 1025
145 1036
146 1023
147 1098
148 942
149 920
150 961
151 912
152 873
153 1058
154 930
155 852
156 867
157 1029
158 880
159 874
160 951
161 909
162 868
163 865
164 869
165 905
166 978
167 905
168 968
169 825
170 1081
171 972
172 917
173 827
174 975
175 1173
176 1060
177 884
178 913
179 966
180 979
181 1005
182 845
183 825
184 1024
185 962
186 980
187 862
188 952
189 1028
190 939
191 957
192 855
193 1008
194 1009
195 850
196 915
197 905
198 900
199 792
200 871
201 896
202 897
203 889
204 837
205 900
206 940
207 812
208 974
209 894
210 961
211 913
212 955
213 918
214 849
215 932
216 999
217 918
218 913
219 1004
220 785
221 833
222 896
223 995
224 871
225 865
226 868
227 923
228 943
229 957
230 954
231 839
232 892
233 871
234 912
235 854
236 1007
237 831
238 1002
239 844
240 980
241 934
242 906
243 862
244 803
245 924
246 981
247 986
248 917
249 1019
250 950
251 829
252 911
253 974
254 813
255 1026
256 812
257 990
258 922
259 885
260 963
261 918
262 914
263 929
264 940
265 840
266 902
267 871
268 808
269 905
270 888
271 856
272 988
273 923
274 908
275 895
276 889
277 890
278 897
279 868
280 871
281 959
282 923
283 813
284 857
285 807
286 813
287 1069
288 869
289 919
290 881
291 842
292 879
293 909
294 854
295 924
296 911
297 986
298 877
299 891
300 838
301 958
302 869
303 803
304 897
305 1020
306 850
307 927
308 882
309 803
310 959
311 855
312 969
313 1007
314 859
315 931
316 945
317 857
318 939
319 1001
320 840
321 840
322 834
323 906
324 1007
325 1017
326 902
327 923
328 855
329 1009
330 898
331 843
332 889
333 866
334 1034
335 958
336 957
337 820
338 903
339 820
340 795
341 866
342 903
343 898
344 992
345 945
346 865
347 871
348 831
349 902
350 891
351 915
352 845
353 981
354 972
355 975
356 977
357 962
358 841
359 946
360 889
361 889
362 938
363 858
364 976
365 836
366 865
367 870
368 895
369 875
370 866
371 947
372 851
373 936
374 900
375 985
376 880
377 799
378 903
379 826
380 901
381 859
382 816
383 867
384 934
385 876
386 934
387 996
388 913
389 847
390 832
391 846
392 1036
393 945
394 860
395 899
396 861
397 944
398 848
399 897
400 901
401 911
402 890
403 874
404 917
405 967
406 1067
407 852
408 972
409 967
410 830
411 852
412 998
413 1061
414 802
415 907
416 889
417 871
418 859
419 988
420 851
421 853
422 946
423 943
424 922
425 783
426 875
427 814
428 1084
429 820
430 932
431 936
432 844
433 894
434 808
435 834
436 983
437 923
438 929
439 956
440 864
441 929
442 999
443 942
444 907
445 809
446 1003
447 916
448 1025
449 986
450 858
451 829
452 941
453 913
454 916
455 828
456 877
457 906
458 874
459 939
460 916
461 847
462 845
463 879
464 1041
465 824
466 860
467 877
468 855
469 919
470 891
471 911
472 865
473 872
474 896
475 974
476 893
477 916
478 962
479 909
480 839
481 952
482 927
483 883
484 859
485 939
486 889
487 942
488 877
489 875
490 863
491 918
492 850
493 883
494 846
495 838
496 811
497 822
498 887
499 769
500 841
501 855
502 886
503 954
504 783
505 898
506 835
507 829
508 969
509 776
510 859
511 854
512 834
513 802
514 860
515 951
516 853
517 785
518 847
519 865
520 910
521 867
522 855
523 887
524 903
525 851
526 896
527 855
528 1073
529 961
530 855
531 907
532 888
533 899
534 810
535 932
536 756
537 957
538 934
539 924
540 823
541 896
542 834
543 838
544 899
545 832
546 913
547 916
548 892
549 947
550 845
551 871
552 855
553 828
554 802
555 936
556 848
557 849
558 907
559 1058
