0 605
1 558
2 567
3 528
4 666
5 714
6 651
7 688
8 820
9 720
10 690
11 805
12 752
13 748
14 704
15 721
16 724
17 649
18 901
19 728
20 734
21 835
22 741
23 674
24 679
25 635
26 821
27 779
28 734
29 704
30 747
31 776
32 706
33 736
34 799
35 818
36 806
37 750
38 720
39 670
40 786
41 645
42 816
43 810
44 836
45 778
46 722
47 656
48 965
49 736
50 710
51 865
52 776
53 740
54 740
55 692
56 660
57 811
58 794
59 770
60 770
61 706
62 748
63 711
64 703
65 892
66 769
67 863
68 766
69 962
70 731
71 704
72 819
73 864
74 758
75 760
76 837
77 707
78 762
79 924
80 898
81 762
82 764
83 814
84 816
85 897
86 782
87 800
88 815
89 749
90 868
91 956
92 944
93 863
94 891
95 845
96 916
97 880
98 1030
99 923
100 875
101 840
102 864
103 924
104 779
105 767
106 800
107 812
108 862
109 814
110 896
111 756
112 724
113 866
114 928
115 859
116 761
117 814
118 898
119 859
120 737
121 754
122 818
123 822
124 751
125 780
126 784
127 812
128 826
129 829
130 834
131 765
132 718
133 724
134 866
135 770
136 828
137 765
138 734
139 743
140 728
141 853
142 732
143 794
144 845
145 788
