0 258
1 301
2 325
3 381
4 408
5 426
6 424
7 446
8 409
9 434
10 448
11 409
12 428
13 453
14 417
15 438
16 451
17 478
18 447
19 444
20 462
21 443
22 484
23 440
24 438
25 455
26 464
27 458
28 446
29 467
30 500
31 453
32 493
33 461
34 460
35 456
36 467
37 450
38 499
39 471
40 473
41 441
42 487
43 483
44 478
45 461
46 477
47 450
48 456
49 461
50 437
51 457
52 482
53 453
54 491
55 449
56 461
57 466
58 498
59 495
60 455
61 442
62 476
63 449
64 491
65 499
66 502
67 502
68 504
69 481
70 456
71 449
72 467
73 456
74 501
75 489
76 460
77 485
78 476
79 462
80 476
81 472
82 469
83 492
84 432
85 478
86 457
87 488
88 459
89 445
90 457
91 470
92 455
93 465
94 477
95 460
96 471
97 464
98 425
99 466
100 457
101 480
102 481
103 448
104 479
105 472
106 452
107 451
108 446
109 458
110 430
111 458
112 446
113 485
114 502
115 477
116 448
117 477
118 480
119 470
120 446
121 505
122 474
123 492
124 468
125 467
126 449
127 496
128 499
129 462
130 494
131 434
132 438
133 452
134 503
135 460
136 447
137 465
138 450
139 505
140 468
141 465
142 448
143 436
144 459
145 479
146 474
147 469
148 485
149 488
150 479
151 497
152 481
153 499
154 498
155 482
156 462
157 459
158 517
159 499
160 449
161 472
162 488
163 508
164 494
165 485
166 474
167 497
168 472
169 492
170 514
171 546
172 472
173 504
174 499
175 486
176 471
177 513
178 493
179 523
180 511
181 517
182 543
183 510
184 492
185 494
186 481
187 499
188 542
189 466
190 531
191 546
192 499
193 507
194 526
195 514
196 518
197 513
198 505
199 481
200 472
201 488
202 477
203 464
204 514
205 499
206 476
207 490
208 496
209 495
210 499
211 481
212 518
213 453
214 496
215 482
216 534
217 501
218 490
219 479
220 503
221 511
222 531
223 516
224 498
225 484
226 501
227 509
228 475
229 446
230 466
231 453
232 430
233 451
234 421
235 491
236 456
237 426
238 445
239 466
240 426
241 390
242 507
243 428
244 470
245 451
246 462
247 430
248 462
249 459
250 439
251 476
252 458
253 474
254 458
255 459
256 443
257 435
258 428
259 467
260 457
261 456
262 422
263 441
264 456
265 467
266 444
267 414
268 492
269 422
270 472
271 485
272 459
273 488
274 466
275 485
276 459
277 444
278 464
279 464
280 472
281 455
282 451
283 459
284 466
285 459
286 455
287 467
288 484
289 491
290 452
291 486
292 491
293 471
294 505
295 474
296 484
297 492
298 465
299 461
300 460
301 501
302 517
303 490
304 502
305 491
306 492
307 506
308 500
309 474
310 474
311 476
312 542
313 507
314 453
315 481
316 441
317 475
318 485
319 481
320 486
321 468
322 496
323 496
324 481
325 500
326 477
327 498
328 502
329 504
330 460
331 455
332 475
333 467
334 473
335 469
336 539
337 506
338 506
339 514
340 503
341 489
342 480
343 493
344 473
345 507
346 494
347 522
348 481
349 494
350 494
351 481
352 504
353 506
354 482
355 514
356 479
357 449
