0 279
1 350
2 369
3 397
4 412
5 388
6 414
7 436
8 457
9 464
10 480
11 471
12 487
13 483
14 479
15 502
16 489
17 502
18 506
19 514
20 515
21 507
22 488
23 501
24 512
25 522
26 513
27 505
28 501
29 504
30 499
31 509
32 512
33 497
34 523
35 517
36 517
37 514
38 515
39 497
40 497
41 510
42 523
43 505
44 504
45 506
46 526
47 517
48 508
49 527
50 523
51 514
52 520
53 521
54 514
55 513
56 509
57 497
58 506
59 516
60 500
61 511
62 488
63 511
64 503
65 516
66 524
67 492
68 491
69 506
70 524
71 537
72 541
73 517
74 524
75 505
76 535
77 524
78 515
79 543
80 523
81 538
82 527
83 538
84 557
85 526
86 547
87 522
88 563
89 526
90 534
91 543
92 523
93 511
94 531
95 519
96 540
97 634
98 524
99 529
100 519
101 572
102 569
103 557
104 534
105 545
106 535
107 527
108 565
109 550
110 524
111 545
112 542
113 553
114 582
115 547
116 562
117 529
118 551
119 565
120 550
121 557
122 546
123 549
124 570
125 582
126 566
127 569
128 532
129 524
130 539
131 550
132 571
133 560
134 553
135 550
136 530
137 552
138 565
139 588
140 531
141 565
142 568
143 550
144 535
145 558
146 540
147 528
148 583
149 528
150 510
151 544
152 558
153 538
154 534
155 558
156 573
157 538
158 547
159 513
160 542
161 527
162 553
163 506
164 528
165 523
166 543
167 544
168 559
169 544
170 526
171 527
172 493
173 555
174 539
175 516
176 523
177 508
178 517
179 541
180 507
181 506
182 524
183 523
184 555
185 539
186 504
187 536
188 545
189 557
190 547
191 541
192 547
193 529
194 538
195 543
196 541
197 543
198 554
