0 252
1 317
2 330
3 362
4 388
5 419
6 381
7 388
8 367
9 423
10 456
11 404
12 397
13 445
14 413
15 423
16 445
17 473
18 438
19 420
20 414
21 414
22 429
23 463
24 447
25 440
26 417
27 446
28 450
29 442
30 454
31 479
32 431
33 430
34 403
35 458
36 437
37 418
38 489
39 423
40 430
41 466
42 438
43 414
44 453
45 421
46 467
47 464
48 448
49 452
50 431
51 470
52 464
53 456
54 459
55 416
56 464
57 440
58 458
59 458
60 458
61 450
62 451
63 414
64 454
65 445
66 450
67 482
68 423
69 379
70 446
71 470
72 423
73 420
74 436
75 463
76 458
77 442
78 463
79 461
80 443
81 456
82 467
83 417
84 407
85 424
86 503
87 482
88 461
89 473
90 470
91 471
92 480
93 476
94 480
95 481
96 492
97 510
98 517
99 523
100 456
101 511
102 495
103 549
104 476
105 507
106 489
107 452
108 489
109 497
110 501
111 443
112 447
113 432
114 466
115 502
116 463
117 487
118 472
119 502
120 471
121 433
122 485
123 506
124 476
125 471
126 507
127 506
128 538
129 474
130 481
131 489
132 525
133 488
134 504
135 475
136 492
137 501
138 471
139 514
140 480
141 466
142 511
143 462
144 501
145 485
146 510
147 488
148 487
149 469
150 498
151 468
152 537
153 474
154 476
155 438
156 465
157 496
158 502
159 523
160 495
161 469
162 486
163 454
164 472
165 455
166 489
167 514
168 502
169 493
170 547
171 538
172 559
173 524
174 499
175 454
176 453
177 454
178 475
179 469
180 499
181 462
182 518
183 514
184 509
185 532
186 521
187 553
188 489
189 494
190 509
191 475
192 481
193 482
194 540
195 456
196 470
197 456
198 490
199 484
200 448
201 493
202 471
203 500
204 458
205 525
206 447
207 463
208 454
209 484
210 483
211 465
212 495
213 488
214 476
215 510
216 514
217 472
218 504
219 487
220 489
221 474
222 508
223 464
224 487
225 478
226 464
227 484
228 484
229 495
230 463
231 470
232 498
233 469
234 516
235 476
236 480
237 494
238 495
239 468
240 512
241 537
242 531
243 492
244 521
245 493
246 515
247 522
248 528
249 485
250 519
251 532
252 491
253 489
254 538
255 516
256 500
257 540
258 550
259 484
260 487
261 509
262 546
263 488
264 533
265 483
266 525
267 519
268 497
269 534
270 513
271 506
272 497
273 528
274 530
275 507
276 539
277 491
278 480
279 511
280 542
281 506
282 511
283 543
284 543
285 527
286 513
287 592
288 515
289 522
290 515
291 544
292 509
293 562
294 541
295 553
296 527
297 524
298 516
299 572
300 504
301 499
302 564
303 557
304 523
305 536
306 549
307 560
308 512
309 561
310 540
311 568
312 525
313 571
314 591
315 508
316 552
317 533
318 544
319 557
320 551
321 541
322 533
323 518
324 573
325 531
326 557
327 533
328 553
329 527
330 538
331 537
332 541
333 583
334 521
335 526
336 534
337 544
338 523
339 563
340 534
341 512
342 576
343 567
344 573
