0 486
1 620
2 616
3 494
4 524
5 628
6 424
7 460
8 434
9 458
10 424
11 482
12 576
13 578
14 668
15 582
16 588
17 528
18 480
19 492
20 480
21 454
22 438
23 464
24 696
25 588
26 472
27 526
28 534
29 454
30 466
31 438
32 428
33 450
34 450
35 448
36 462
37 450
38 464
39 462
40 444
41 442
42 446
43 446
44 504
45 466
46 476
47 454
48 478
49 540
50 518
51 496
52 456
53 512
54 536
55 496
56 520
57 460
58 476
59 474
60 476
61 536
62 528
63 528
64 552
65 584
66 570
67 522
68 524
69 496
70 540
71 544
72 666
73 536
74 520
75 574
76 580
77 608
78 580
79 608
80 684
81 622
82 570
83 572
84 604
85 560
86 550
87 712
88 644
89 708
90 614
91 728
92 650
93 710
94 654
95 702
96 886
97 694
98 716
99 692
