0 151
1 202
2 235
3 258
4 271
5 318
6 326
7 341
8 356
9 357
10 399
11 414
12 409
13 399
14 396
15 403
16 396
17 394
18 416
19 395
20 392
21 406
22 398
23 389
24 405
25 395
26 416
27 416
28 399
29 391
30 421
31 416
32 435
33 450
34 447
35 430
36 426
37 405
38 404
39 420
40 412
41 411
42 434
43 456
44 439
45 457
46 425
47 427
48 433
49 413
50 413
51 444
52 443
53 463
54 448
55 438
56 441
57 445
58 498
59 466
60 446
61 440
62 449
63 445
64 430
65 476
66 444
67 451
68 449
69 449
70 428
71 449
72 461
73 462
74 455
75 450
76 416
77 407
78 444
79 459
80 444
81 461
82 446
83 451
84 477
85 471
86 495
87 455
88 446
89 457
90 464
91 469
92 487
93 474
94 463
95 482
96 502
97 490
98 493
99 472
100 497
101 493
102 519
103 504
104 515
105 507
106 505
107 513
108 535
109 501
110 514
111 481
112 483
113 477
114 503
115 485
116 508
117 478
118 518
119 500
120 502
121 490
122 488
123 495
124 471
125 486
126 494
127 470
128 490
129 490
130 497
131 495
132 483
133 476
134 483
135 495
136 484
137 477
138 470
139 500
140 463
141 487
142 479
143 486
144 500
145 471
