0 530
1 574
2 532
3 520
4 566
5 596
6 630
7 578
8 634
9 578
10 556
11 677
12 592
13 690
14 654
15 658
16 667
17 602
18 651
19 709
20 684
21 638
22 586
23 652
24 780
25 726
26 722
27 647
28 660
29 689
30 659
31 657
32 678
33 613
34 701
35 662
36 634
37 702
38 716
39 748
40 738
41 682
42 830
43 741
44 713
45 691
46 696
47 661
48 667
49 665
50 679
51 684
52 762
53 789
54 837
55 816
56 732
57 736
58 705
59 761
60 767
61 733
62 767
63 793
64 837
65 754
66 740
67 878
68 791
69 780
70 817
71 961
72 997
73 772
74 846
75 804
76 774
77 773
78 829
79 786
80 848
81 753
82 814
83 746
84 890
85 798
86 798
87 728
88 814
89 752
90 769
91 817
92 744
93 828
94 782
95 774
96 816
97 729
98 764
99 792
100 796
101 793
102 856
103 888
104 778
105 731
106 805
107 752
108 790
109 786
110 768
111 778
112 814
113 837
114 780
115 812
116 782
117 778
118 778
119 775
120 862
121 856
122 814
123 782
