0 131
1 171
2 221
3 267
4 300
5 322
6 351
7 357
8 373
9 357
10 368
11 368
12 373
13 366
14 370
15 372
16 391
17 364
18 372
19 378
20 372
21 372
22 379
23 378
24 389
25 383
26 396
27 389
28 377
29 392
30 387
31 386
32 391
33 411
34 405
35 414
36 417
37 420
38 408
39 424
40 424
41 427
42 436
43 428
44 431
45 434
46 429
47 426
48 433
49 433
50 434
51 441
52 435
53 434
54 447
55 441
56 441
57 446
58 447
59 442
60 443
61 451
62 443
63 442
64 448
65 448
66 451
67 474
68 473
69 452
70 472
71 453
72 474
73 479
74 467
75 475
76 484
77 494
78 505
79 493
80 494
81 490
82 496
83 504
84 513
85 505
86 517
