0 140
1 164
2 204
3 245
4 275
5 276
6 327
7 298
8 317
9 319
10 304
11 305
12 324
13 331
14 311
15 328
16 343
17 354
18 351
19 348
20 339
21 334
22 369
23 358
24 345
25 362
26 373
27 379
28 381
29 379
30 415
31 384
32 399
33 430
34 386
35 404
36 422
37 422
38 413
39 397
40 415
41 428
42 426
43 405
44 418
45 392
46 387
47 400
48 420
49 422
50 410
51 429
52 429
53 397
54 421
55 429
56 432
57 425
58 422
59 429
60 440
61 440
62 439
63 413
64 429
65 434
66 439
67 450
68 444
69 419
70 439
71 432
72 429
73 439
74 441
75 433
76 433
77 442
78 454
79 425
80 453
81 414
82 426
83 443
84 433
85 416
86 444
87 412
88 453
89 421
90 436
91 444
92 444
93 434
94 451
95 444
96 465
97 474
98 456
99 460
100 447
101 451
102 512
