0 529
1 562
2 527
3 564
4 582
5 608
6 718
7 668
8 746
9 611
10 784
11 652
12 644
13 742
14 632
15 612
16 646
17 639
18 673
19 698
20 810
21 696
22 697
23 730
24 726
25 730
26 744
27 692
28 695
29 750
30 812
31 789
32 780
33 768
34 735
35 931
36 806
37 840
38 810
39 854
40 768
41 1008
42 834
43 823
44 762
45 802
46 822
47 838
48 956
49 827
50 875
51 844
52 890
53 875
54 859
55 746
56 802
57 876
58 868
59 826
60 810
61 802
62 812
63 849
64 778
65 814
66 821
67 855
68 726
69 847
70 860
71 841
72 745
73 770
74 863
75 778
76 763
77 790
78 833
79 787
80 776
81 830
82 782
83 820
84 826
85 789
86 789
87 766
88 893
89 846
90 811
91 814
92 908
93 765
94 872
95 858
96 895
97 834
98 877
99 891
100 862
101 784
102 790
103 821
104 817
105 776
106 815
107 784
108 780
109 913
110 878
111 838
112 822
113 860
114 844
