0 560
1 508
2 512
3 534
4 649
5 538
6 744
7 618
8 638
9 589
10 682
11 540
12 550
13 544
14 621
15 612
16 622
17 676
18 626
19 709
20 632
21 615
22 699
23 748
24 852
25 729
26 722
27 657
28 694
29 646
30 778
31 612
32 873
33 756
34 720
35 676
36 847
37 838
38 802
39 695
40 704
41 774
42 756
43 677
44 748
45 654
46 715
47 744
48 720
49 702
50 736
51 776
52 769
53 680
54 696
55 682
56 750
57 750
58 722
59 853
60 729
61 649
62 677
63 794
64 694
65 796
66 764
67 792
68 687
69 672
70 756
71 677
72 686
73 740
74 736
75 690
76 778
77 672
78 782
79 732
80 699
81 696
82 724
83 677
84 794
85 781
86 666
87 726
88 705
89 736
90 725
91 661
92 806
93 731
94 718
95 744
96 718
97 746
98 760
99 804
100 677
101 743
102 839
