0 547
1 547
2 626
3 713
4 670
5 763
6 681
7 663
8 685
9 687
10 734
11 675
12 748
13 776
14 737
15 811
16 744
17 668
18 670
19 821
20 671
21 802
22 843
23 706
24 814
25 693
26 695
27 737
28 760
29 790
30 860
31 699
32 895
33 813
34 737
35 748
36 895
37 759
38 906
39 804
40 810
41 895
42 773
43 846
44 824
45 989
46 807
47 842
48 784
49 935
50 790
51 854
52 825
53 798
54 838
55 915
56 855
57 816
58 841
59 1003
60 827
61 891
62 826
63 879
64 902
65 861
66 901
67 874
68 1008
69 823
70 836
71 979
72 834
73 901
74 910
75 858
76 919
77 1048
78 1055
79 852
80 973
81 924
82 889
83 977
84 930
85 912
86 1018
