0 395
1 543
2 543
3 588
4 588
5 620
6 620
7 620
8 620
9 620
10 620
11 620
12 620
13 620
14 620
15 620
16 620
17 620
18 620
19 620
20 620
21 620
22 620
23 620
24 620
25 620
26 620
27 620
28 620
29 620
30 620
31 620
32 620
33 620
34 621
35 621
36 621
37 621
38 626
39 626
40 626
41 707
42 707
43 707
44 707
45 707
46 707
47 744
48 744
49 744
50 744
51 958
52 958
53 958
54 958
55 958
56 958
57 958
58 958
59 958
60 958
61 958
62 958
63 958
64 958
65 958
66 958
67 958
68 958
69 958
70 958
71 958
72 958
73 958
74 958
75 958
76 958
77 958
78 958
79 958
80 958
81 958
82 958
83 958
84 958
85 958
86 958
87 958
88 958
89 958
90 958
91 958
92 958
93 958
94 958
95 958
96 958
97 958
98 958
99 958
100 958
101 958
102 958
103 958
104 958
105 958
106 958
107 958
108 958
109 958
110 958
111 958
112 958
113 958
114 958
115 958
116 958
117 958
118 958
119 958
120 958
121 958
122 958
123 958
124 958
125 958
126 958
127 958
128 988
129 988
130 988
131 988
132 988
133 988
134 988
135 988
136 988
137 988
138 988
139 988
140 988
141 988
142 988
143 988
144 988
145 988
146 988
147 988
148 988
149 988
150 988
151 988
152 988
153 988
154 988
155 988
156 988
157 988
158 988
159 988
160 988
161 988
162 988
163 988
164 988
165 988
166 988
167 988
168 988
169 988
170 988
171 988
172 988
173 988
174 988
175 988
176 988
177 988
178 988
179 988
180 988
181 988
182 988
183 988
184 988
185 988
186 988
187 988
188 988
189 988
190 988
191 988
192 988
193 988
194 988
195 988
196 988
197 988
198 988
199 988
200 988
201 988
202 988
203 988
204 988
205 988
206 988
207 988
208 988
209 988
210 988
211 988
212 988
213 988
214 988
215 988
216 988
217 988
218 988
219 988
220 988
221 988
222 988
223 988
224 988
225 988
226 988
227 988
228 988
229 988
230 988
231 988
232 988
233 988
234 988
235 988
236 988
237 988
238 988
239 988
240 988
241 988
242 988
243 988
244 988
245 988
246 988
247 988
248 988
249 988
250 988
251 988
252 988
253 988
254 988
255 988
256 988
257 988
258 988
259 988
260 988
261 988
262 988
263 988
264 988
265 988
266 988
267 988
268 988
269 988
270 988
271 988
272 988
273 988
274 988
275 988
276 988
277 988
278 988
279 988
280 988
281 988
282 988
283 988
284 988
285 988
286 988
287 988
288 988
289 988
290 988
291 988
292 988
293 988
294 988
295 988
296 988
297 988
298 988
299 988
300 988
301 988
302 988
303 988
304 988
305 988
306 988
307 988
308 988
309 988
310 988
311 988
312 988
313 988
314 988
315 988
316 988
317 988
318 988
319 988
320 988
321 988
322 988
323 988
324 988
325 988
326 988
327 988
328 988
329 988
330 988
331 988
332 988
333 988
334 988
335 988
336 988
337 988
338 988
339 988
340 988
341 988
342 988
343 988
344 988
345 988
346 988
347 988
348 988
349 988
350 988
351 988
352 988
353 988
354 988
355 988
356 988
357 988
358 988
359 988
360 988
361 988
362 988
363 988
364 988
365 988
366 988
367 988
368 988
369 988
370 988
371 988
372 988
373 988
374 988
375 988
376 988
377 988
378 988
379 988
380 988
381 988
382 988
383 988
384 988
385 988
386 988
387 988
388 988
389 988
390 988
391 988
392 988
393 988
394 988
395 988
396 988
397 988
398 988
399 988
400 988
401 988
402 988
403 988
404 988
405 988
406 988
407 988
408 988
409 988
410 988
411 988
412 988
413 988
414 988
415 988
416 988
417 988
418 988
419 988
420 988
421 988
422 988
423 988
424 988
425 988
426 988
427 988
428 988
429 988
430 988
431 988
432 988
433 988
434 988
435 988
436 988
437 988
438 1058
439 1058
440 1058
441 1058
442 1058
443 1058
444 1058
445 1058
446 1058
447 1058
448 1058
449 1058
450 1058
451 1058
452 1058
453 1058
454 1058
455 1058
456 1058
457 1058
458 1058
459 1058
460 1058
461 1058
462 1058
463 1058
464 1058
465 1058
466 1058
467 1058
468 1058
469 1058
470 1058
471 1058
472 1058
473 1058
474 1058
475 1058
476 1058
477 1058
478 1058
479 1058
480 1058
481 1058
482 1058
483 1058
484 1058
485 1058
486 1058
487 1058
488 1058
489 1058
490 1058
491 1058
492 1058
493 1058
494 1058
495 1058
496 1058
497 1058
498 1058
499 1058
500 1058
501 1058
502 1058
503 1058
504 1058
505 1058
506 1058
507 1058
508 1058
509 1058
510 1058
511 1058
512 1058
513 1058
514 1058
515 1058
516 1058
517 1058
518 1058
519 1058
520 1058
521 1058
522 1058
523 1058
524 1058
525 1058
526 1058
527 1058
528 1058
529 1058
530 1058
531 1058
532 1058
533 1058
534 1058
535 1058
536 1058
537 1058
538 1058
539 1058
540 1058
541 1058
542 1058
543 1058
544 1058
545 1058
546 1058
547 1058
548 1058
549 1058
550 1058
551 1058
552 1058
553 1058
554 1058
555 1058
556 1058
557 1058
558 1058
559 1058
560 1058
561 1058
562 1058
563 1058
564 1058
565 1058
566 1058
567 1058
568 1058
569 1058
570 1058
571 1058
572 1058
573 1058
574 1058
575 1058
576 1058
577 1058
578 1058
579 1058
580 1058
581 1058
582 1058
583 1058
584 1058
585 1058
586 1058
587 1058
588 1058
589 1058
590 1058
591 1058
592 1058
593 1058
594 1058
595 1058
596 1058
597 1058
598 1058
599 1058
600 1058
601 1058
602 1058
603 1058
604 1058
605 1058
606 1058
607 1058
608 1058
609 1058
610 1058
611 1058
612 1058
613 1058
614 1058
615 1058
616 1058
617 1058
618 1058
619 1058
620 1058
621 1058
622 1058
623 1058
624 1058
625 1058
626 1058
627 1058
628 1058
629 1058
630 1058
631 1058
632 1058
633 1058
634 1058
635 1058
636 1058
637 1058
638 1058
639 1058
640 1058
641 1058
642 1058
643 1058
644 1058
645 1058
646 1058
647 1058
648 1058
649 1058
650 1058
651 1058
652 1058
653 1058
654 1058
655 1058
656 1058
657 1058
658 1058
659 1058
660 1058
661 1058
662 1058
663 1058
664 1058
665 1058
666 1058
667 1058
668 1058
669 1058
670 1058
671 1058
672 1058
673 1058
674 1058
675 1058
676 1058
677 1058
678 1058
679 1058
680 1058
681 1058
682 1058
683 1058
684 1058
685 1058
686 1058
687 1058
688 1058
689 1058
690 1058
691 1058
692 1058
693 1058
694 1058
695 1058
696 1058
697 1058
698 1058
699 1058
700 1058
701 1058
702 1058
703 1058
704 1058
705 1058
706 1058
707 1058
708 1058
709 1058
710 1058
711 1058
712 1058
713 1058
714 1058
715 1058
716 1058
717 1058
718 1058
719 1058
720 1058
721 1058
722 1058
723 1058
724 1058
725 1058
726 1058
727 1058
728 1058
729 1058
730 1058
731 1058
732 1058
733 1058
734 1058
735 1058
736 1058
737 1058
738 1058
739 1058
740 1058
741 1058
742 1058
743 1058
744 1058
745 1058
746 1058
747 1058
748 1058
749 1058
750 1058
751 1058
752 1058
753 1058
754 1058
755 1058
756 1058
757 1058
758 1058
759 1058
760 1058
761 1058
762 1058
763 1058
764 1058
765 1058
766 1058
767 1058
768 1058
769 1058
770 1058
771 1058
772 1058
773 1058
774 1058
775 1058
776 1058
777 1058
778 1058
779 1058
780 1058
781 1058
782 1058
783 1058
784 1058
785 1058
786 1058
787 1058
788 1058
789 1058
790 1058
791 1058
792 1058
793 1058
794 1058
795 1058
796 1058
797 1058
798 1058
799 1058
800 1058
801 1058
802 1058
803 1058
804 1058
805 1058
806 1058
807 1058
808 1058
809 1058
810 1058
811 1058
812 1058
813 1058
814 1058
815 1058
816 1058
817 1058
818 1058
819 1058
820 1058
821 1058
822 1058
823 1058
824 1058
825 1058
826 1058
827 1058
828 1058
829 1058
830 1058
831 1058
832 1058
833 1058
834 1058
835 1058
836 1058
837 1058
838 1058
839 1058
840 1058
841 1058
842 1058
843 1058
844 1058
845 1058
846 1058
847 1058
848 1058
849 1058
850 1058
851 1058
852 1058
853 1058
854 1058
855 1058
856 1058
857 1058
858 1058
859 1058
860 1058
861 1058
862 1058
863 1058
864 1058
865 1058
866 1151
867 1151
868 1151
869 1151
870 1151
871 1151
872 1151
873 1151
874 1151
875 1151
876 1151
877 1151
878 1151
879 1151
880 1151
881 1151
882 1151
883 1151
884 1151
885 1151
886 1151
887 1151
888 1151
889 1151
890 1151
891 1151
892 1151
893 1151
894 1151
895 1151
896 1151
897 1151
898 1151
899 1151
900 1151
901 1151
902 1151
903 1151
904 1151
905 1151
906 1151
907 1151
908 1151
909 1151
910 1151
911 1151
912 1151
913 1151
914 1151
915 1151
916 1151
917 1151
918 1151
919 1151
920 1151
921 1151
922 1151
923 1151
924 1151
925 1151
926 1151
927 1151
928 1151
929 1151
930 1151
931 1151
932 1151
933 1151
934 1151
935 1151
936 1151
937 1151
938 1151
939 1151
940 1151
941 1151
942 1151
943 1151
944 1151
945 1151
946 1151
947 1151
948 1151
949 1151
950 1151
951 1151
952 1151
953 1151
954 1151
955 1151
956 1151
957 1151
958 1151
959 1151
960 1151
961 1151
962 1151
963 1151
964 1151
965 1151
966 1151
967 1151
968 1151
969 1151
970 1151
971 1151
972 1151
973 1151
974 1151
975 1151
976 1151
977 1151
978 1151
979 1151
980 1151
981 1151
982 1151
983 1151
984 1151
985 1151
986 1151
987 1151
988 1151
989 1151
990 1151
991 1151
992 1151
993 1151
994 1151
995 1151
996 1151
997 1151
998 1151
999 1151
