0 483
1 621
2 617
3 636
4 596
5 508
6 622
7 604
8 656
9 623
10 632
11 677
12 662
13 626
14 775
15 844
16 766
17 716
18 766
19 777
20 677
21 918
22 751
23 718
24 761
25 787
26 735
27 802
28 758
29 728
30 729
31 735
32 758
33 756
34 789
35 870
36 900
37 811
38 753
39 825
40 895
41 753
42 894
43 922
44 777
45 766
46 779
47 816
48 744
49 878
50 818
51 714
52 835
53 740
54 841
55 795
56 796
57 912
58 774
59 768
60 858
61 833
62 859
63 790
64 815
65 797
66 952
67 742
68 704
69 757
70 844
71 818
72 807
73 791
74 832
75 800
76 873
77 761
78 988
79 843
80 865
81 816
82 825
83 796
84 803
85 858
86 865
87 872
88 908
89 852
90 904
91 971
92 865
93 858
94 860
95 829
96 852
97 829
98 808
99 820
100 859
101 756
102 787
103 792
