0 133
1 166
2 212
3 226
4 249
5 269
6 269
7 299
8 302
9 308
10 306
11 318
12 326
13 336
14 339
15 351
16 354
17 357
18 361
19 364
20 375
21 375
22 378
23 387
24 399
25 389
26 389
27 404
28 423
29 409
30 390
31 395
32 401
33 415
34 422
35 414
36 415
37 416
38 418
39 434
40 415
41 414
42 409
43 416
44 408
45 419
46 411
47 417
48 421
49 435
50 443
51 443
52 437
53 444
54 454
55 441
56 436
57 457
58 453
59 439
60 448
61 456
62 459
63 465
64 466
65 472
66 467
67 478
68 471
69 462
70 468
71 469
72 478
73 461
74 462
75 460
76 474
77 477
78 497
79 493
80 496
81 502
82 480
