0 167
1 217
2 236
3 269
4 289
5 326
6 324
7 333
8 343
9 329
10 329
11 344
12 347
13 345
14 350
15 351
16 377
17 357
18 365
19 394
20 389
21 377
22 373
23 400
24 411
25 405
26 442
27 417
28 413
29 423
30 413
31 424
32 409
33 419
34 396
35 417
36 418
37 429
38 423
39 428
40 442
41 447
42 464
43 449
44 440
45 415
46 428
47 429
48 429
49 438
50 427
51 436
52 433
53 455
54 453
55 459
56 443
57 434
58 458
59 458
60 466
61 432
62 441
63 477
64 468
65 461
66 463
67 471
68 458
69 446
70 461
71 466
72 467
73 453
74 464
75 455
76 458
77 454
78 447
79 475
80 468
81 464
82 446
83 430
84 436
85 461
86 448
87 457
88 470
89 455
90 491
91 481
92 485
93 442
94 488
95 482
96 468
97 465
98 466
99 458
100 486
101 486
102 496
103 478
104 479
105 471
106 459
107 457
108 481
109 469
110 454
111 455
112 476
113 499
114 468
115 487
116 486
117 471
118 482
119 507
120 463
121 497
122 514
123 508
