0 530
1 605
2 577
3 564
4 584
5 622
6 562
7 642
8 596
9 603
10 570
11 553
12 718
13 634
14 567
15 580
16 779
17 680
18 582
19 674
20 592
21 710
22 604
23 606
24 691
25 705
26 695
27 674
28 652
29 738
30 630
31 677
32 642
33 671
34 728
35 726
36 712
37 788
38 730
39 728
40 722
41 732
42 784
43 769
44 709
45 643
46 714
47 684
48 692
49 646
50 790
51 661
52 652
53 675
54 782
55 700
56 726
57 724
58 720
59 868
60 771
61 741
62 656
63 744
64 741
65 724
66 760
67 672
68 714
69 740
70 879
71 718
72 740
73 680
74 720
75 707
76 746
77 806
78 788
79 712
80 689
81 746
82 724
83 791
84 799
85 769
86 792
87 763
88 680
89 788
90 717
91 766
92 714
93 702
94 833
95 684
96 669
97 816
98 756
99 824
100 678
101 696
102 718
103 778
104 808
105 669
106 703
107 732
108 710
