0 388
1 501
2 600
3 600
4 675
5 675
6 675
7 675
8 675
9 675
10 675
11 675
12 675
13 675
14 675
15 675
16 675
17 675
18 675
19 716
20 716
21 748
22 748
23 748
24 748
25 748
26 748
27 748
28 806
29 841
30 841
31 841
32 841
33 841
34 841
35 841
36 841
37 841
38 841
39 841
40 841
41 841
42 841
43 841
44 841
45 841
46 841
47 841
48 841
49 841
50 843
51 843
52 843
53 843
54 843
55 843
56 843
57 863
58 863
59 863
60 863
61 948
62 948
63 948
64 948
65 948
66 948
67 948
68 948
69 948
70 948
71 948
72 948
73 948
74 948
75 948
76 948
77 948
78 986
79 986
80 986
81 986
82 986
83 986
84 986
85 986
86 986
87 986
88 986
89 986
90 986
91 986
92 986
93 986
94 986
95 986
96 1041
97 1041
98 1041
99 1041
100 1041
101 1041
102 1041
103 1041
104 1041
105 1041
106 1041
107 1041
108 1041
109 1083
110 1083
111 1083
112 1083
113 1318
114 1318
115 1318
116 1318
117 1318
118 1318
119 1318
120 1318
121 1318
122 1318
123 1318
124 1318
125 1318
126 1318
127 1318
128 1318
129 1318
130 1318
131 1318
132 1318
133 1318
134 1318
135 1318
136 1318
137 1318
138 1318
139 1318
140 1318
141 1318
142 1318
143 1318
144 1318
145 1318
146 1318
147 1318
148 1318
149 1318
150 1318
151 1318
152 1318
153 1318
154 1318
155 1318
156 1318
157 1318
158 1318
159 1318
160 1318
161 1318
162 1318
163 1318
164 1318
165 1318
166 1318
167 1318
168 1318
169 1318
170 1318
171 1318
172 1318
173 1318
174 1318
175 1318
176 1318
177 1318
178 1318
179 1318
180 1318
181 1318
182 1318
183 1318
184 1318
185 1318
186 1318
187 1318
188 1318
189 1318
190 1318
191 1318
192 1318
193 1318
194 1318
195 1318
196 1318
197 1318
198 1318
199 1318
200 1318
201 1318
202 1318
203 1318
204 1318
205 1318
206 1318
207 1318
208 1318
209 1318
210 1318
211 1318
212 1318
213 1318
214 1318
215 1318
216 1318
217 1318
218 1318
219 1318
220 1318
221 1318
222 1318
223 1318
224 1318
225 1318
226 1318
227 1318
228 1318
229 1318
230 1318
231 1318
232 1318
233 1318
234 1318
235 1318
236 1318
237 1318
238 1318
239 1318
240 1318
241 1318
242 1318
243 1318
244 1318
245 1318
246 1318
247 1318
248 1318
249 1318
250 1318
251 1318
252 1318
253 1318
254 1318
255 1318
256 1318
257 1318
258 1318
259 1318
260 1318
261 1318
262 1318
263 1318
264 1318
265 1318
266 1318
267 1318
268 1318
269 1318
270 1318
271 1318
272 1318
273 1318
274 1318
275 1318
276 1318
277 1318
278 1318
279 1318
280 1318
281 1318
282 1318
283 1318
284 1318
285 1318
286 1318
287 1318
288 1318
289 1318
290 1318
291 1318
292 1318
293 1318
294 1318
295 1318
296 1318
297 1318
298 1318
299 1318
300 1318
301 1318
302 1318
303 1318
304 1318
305 1318
306 1318
307 1318
308 1318
309 1318
310 1318
311 1318
312 1318
313 1318
314 1318
315 1318
316 1318
317 1318
318 1318
319 1318
320 1318
321 1318
322 1318
323 1318
324 1318
325 1318
326 1318
327 1318
328 1318
329 1318
330 1318
331 1318
332 1318
333 1318
334 1318
335 1318
336 1318
337 1318
338 1318
339 1318
340 1318
341 1318
342 1318
343 1318
344 1318
345 1318
346 1318
347 1318
348 1318
349 1318
350 1318
351 1318
352 1318
353 1318
354 1318
355 1318
356 1318
357 1318
358 1318
359 1318
360 1318
361 1318
362 1318
363 1318
364 1318
365 1318
366 1318
367 1318
368 1318
369 1318
370 1318
371 1318
372 1318
373 1318
374 1318
375 1318
376 1318
377 1318
378 1318
379 1318
380 1318
381 1318
382 1318
383 1318
384 1318
385 1318
386 1318
387 1318
388 1318
389 1318
390 1318
391 1318
392 1318
393 1318
394 1318
395 1318
396 1318
397 1318
398 1318
399 1318
400 1318
401 1318
402 1318
403 1318
404 1318
405 1318
406 1318
407 1318
408 1318
409 1318
410 1318
411 1318
412 1318
413 1318
414 1318
415 1318
416 1318
417 1318
418 1318
419 1318
420 1318
421 1318
422 1318
423 1318
424 1318
425 1318
426 1318
427 1318
428 1318
429 1318
430 1318
431 1318
432 1318
433 1318
434 1318
435 1318
436 1318
437 1318
438 1318
439 1318
440 1318
441 1318
442 1318
443 1318
444 1318
445 1318
446 1318
447 1318
448 1318
449 1318
450 1318
451 1318
452 1318
453 1318
454 1318
455 1318
456 1318
457 1318
458 1318
459 1318
460 1318
461 1318
462 1318
463 1318
464 1318
465 1318
466 1318
467 1318
468 1318
469 1318
470 1318
471 1318
472 1318
473 1318
474 1318
475 1318
476 1318
477 1318
478 1318
479 1318
480 1318
481 1318
482 1318
483 1318
484 1318
485 1318
486 1318
487 1318
488 1318
489 1318
490 1318
491 1318
492 1318
493 1318
494 1318
495 1318
496 1318
497 1318
498 1318
499 1318
500 1318
501 1318
502 1318
503 1318
504 1318
505 1318
506 1318
507 1318
508 1318
509 1318
510 1318
511 1318
512 1318
513 1318
514 1318
515 1318
516 1318
517 1318
518 1318
519 1318
520 1318
521 1318
522 1318
523 1318
524 1318
525 1318
526 1318
527 1318
528 1318
529 1318
530 1318
531 1318
532 1318
533 1318
534 1318
535 1318
536 1318
537 1318
538 1318
539 1318
540 1318
541 1318
542 1318
543 1318
544 1318
545 1318
546 1318
547 1318
548 1318
549 1318
550 1318
551 1318
552 1318
553 1318
554 1318
555 1318
556 1318
557 1318
558 1318
559 1318
560 1318
561 1318
562 1318
563 1318
564 1318
565 1318
566 1318
567 1318
568 1318
569 1318
570 1318
571 1318
572 1318
573 1318
574 1318
575 1318
576 1318
577 1318
578 1318
579 1318
580 1318
581 1318
582 1318
583 1318
584 1318
585 1318
586 1318
587 1318
588 1318
589 1318
590 1318
591 1318
592 1318
593 1318
594 1318
595 1318
596 1318
597 1318
598 1318
599 1318
600 1318
601 1318
602 1318
603 1318
604 1318
605 1318
606 1318
607 1318
608 1318
609 1318
610 1318
611 1318
612 1318
613 1318
614 1318
615 1318
616 1318
617 1318
618 1318
619 1318
620 1318
621 1318
622 1318
623 1318
624 1318
625 1470
626 1470
627 1470
628 1470
629 1470
630 1470
631 1470
632 1470
633 1470
634 1470
635 1470
636 1470
637 1470
638 1470
639 1470
640 1470
641 1470
642 1470
643 1470
644 1470
645 1470
646 1470
647 1470
648 1470
649 1470
650 1470
651 1470
652 1470
653 1470
654 1470
655 1470
656 1470
657 1470
658 1470
659 1470
660 1470
661 1470
662 1470
663 1470
664 1470
665 1470
666 1470
667 1470
668 1470
669 1470
670 1470
671 1470
672 1470
673 1470
674 1470
675 1470
676 1470
677 1470
678 1470
679 1470
680 1470
681 1470
682 1470
683 1470
684 1470
685 1470
686 1470
687 1470
688 1470
689 1470
690 1470
691 1470
692 1470
693 1470
694 1470
695 1470
696 1470
697 1470
698 1470
699 1470
700 1470
701 1470
702 1470
703 1470
704 1470
705 1470
706 1470
707 1470
708 1470
709 1470
710 1470
711 1470
712 1470
713 1470
714 1470
715 1470
716 1470
717 1470
718 1470
719 1470
720 1470
721 1470
722 1470
723 1470
724 1470
725 1470
726 1470
727 1470
728 1470
729 1470
730 1470
731 1470
732 1470
733 1470
734 1470
735 1470
736 1470
737 1470
738 1470
739 1470
740 1470
741 1470
742 1470
743 1470
744 1470
745 1470
746 1470
747 1470
748 1470
749 1470
750 1470
751 1470
752 1470
753 1470
754 1470
755 1470
756 1470
757 1470
758 1470
759 1470
760 1470
761 1470
762 1470
763 1470
764 1470
765 1470
766 1470
767 1470
768 1470
769 1470
770 1470
771 1470
772 1470
773 1470
774 1470
775 1470
776 1470
777 1470
778 1470
779 1470
780 1470
781 1470
782 1470
783 1470
784 1470
785 1470
786 1470
787 1470
788 1470
789 1470
790 1470
791 1470
792 1470
793 1470
794 1470
795 1470
796 1470
797 1470
798 1470
799 1470
800 1470
801 1470
802 1470
803 1470
804 1470
805 1470
806 1470
807 1470
808 1470
809 1470
810 1470
811 1470
812 1470
813 1470
814 1470
815 1470
816 1470
817 1470
818 1470
819 1470
820 1470
821 1470
822 1470
823 1470
824 1470
825 1470
826 1470
827 1470
828 1470
829 1470
830 1470
831 1470
832 1470
833 1470
834 1470
835 1470
836 1470
837 1470
838 1470
839 1470
840 1470
841 1470
842 1470
843 1470
844 1470
845 1470
846 1470
847 1470
848 1470
849 1470
850 1470
851 1470
852 1470
853 1470
854 1470
855 1470
856 1470
857 1470
858 1470
859 1470
860 1470
861 1470
862 1470
863 1470
864 1470
865 1470
866 1470
867 1470
868 1470
869 1470
870 1470
871 1470
872 1470
873 1470
874 1470
875 1470
876 1470
877 1470
878 1470
879 1470
880 1470
881 1470
882 1470
883 1470
884 1470
885 1470
886 1470
887 1470
888 1470
889 1470
890 1470
891 1470
892 1470
893 1470
894 1470
895 1470
896 1470
897 1470
898 1470
899 1470
900 1470
901 1470
902 1470
903 1470
904 1470
905 1470
906 1470
907 1470
908 1470
909 1470
910 1470
911 1470
912 1470
913 1470
914 1470
915 1470
916 1470
917 1470
918 1470
919 1470
920 1470
921 1470
922 1470
923 1470
924 1470
925 1470
926 1470
927 1470
928 1470
929 1470
930 1470
931 1470
932 1470
933 1470
934 1470
935 1470
936 1470
937 1470
938 1470
939 1470
940 1470
941 1470
942 1470
943 1470
944 1470
945 1470
946 1470
947 1470
948 1470
949 1470
950 1470
951 1470
952 1470
953 1470
954 1470
955 1470
956 1470
957 1470
958 1470
959 1470
960 1470
961 1470
962 1470
963 1470
964 1470
965 1470
966 1470
967 1470
968 1470
969 1470
970 1470
971 1470
972 1470
973 1470
974 1470
975 1470
976 1470
977 1470
978 1470
979 1470
980 1470
981 1470
982 1470
983 1470
984 1470
985 1470
986 1470
987 1470
988 1470
989 1470
990 1470
991 1470
992 1470
993 1470
994 1470
995 1470
996 1470
997 1470
998 1470
999 1470
