0 497
1 504
2 667
3 723
4 662
5 657
6 768
7 771
8 765
9 732
10 714
11 833
12 842
13 715
14 736
15 833
16 806
17 724
18 739
19 749
20 759
21 753
22 894
23 907
24 828
25 942
26 849
27 866
28 855
29 992
30 830
31 934
32 918
33 965
34 960
35 892
36 883
37 923
38 850
39 912
40 812
41 911
42 862
43 879
44 843
45 963
46 854
47 816
48 915
49 929
50 843
51 858
52 933
53 939
54 977
55 989
56 931
57 897
58 860
59 934
60 932
61 898
62 907
63 836
64 866
65 945
66 975
67 941
68 944
69 883
70 1077
71 967
72 916
73 1079
74 957
75 974
76 1021
77 963
78 981
79 946
80 1051
81 917
82 857
83 918
84 877
85 827
86 957
87 945
88 954
89 976
90 978
91 971
92 983
93 905
94 924
95 1013
96 915
97 1051
98 960
99 944
100 973
101 949
102 977
103 1039
104 1017
105 965
106 1018
107 993
108 960
109 964
110 1005
111 941
112 1015
113 952
114 878
115 920
116 907
117 1072
118 997
119 984
120 1000
121 1184
122 932
123 951
124 951
125 1084
126 1010
127 995
128 939
129 1068
130 975
131 1159
132 1013
133 1010
134 991
135 930
136 1019
137 980
138 1129
139 1016
140 959
141 1087
142 1040
143 1059
144 1157
145 1012
146 1019
147 1082
148 971
149 970
150 1097
151 1031
152 1006
153 1031
154 1081
155 987
156 1008
157 1121
158 1048
159 1007
160 1015
161 992
162 943
163 1034
164 1003
165 1019
166 925
167 970
168 988
169 1010
170 1029
171 945
172 1095
173 1020
174 1007
175 979
176 1140
177 973
178 1068
179 989
180 980
181 1034
182 991
183 946
184 1009
185 1005
186 974
187 1013
188 960
189 1004
190 1109
191 1109
192 953
193 991
