0 151
1 202
2 239
3 262
4 311
5 294
6 300
7 304
8 310
9 336
10 362
11 382
12 349
13 385
14 385
15 384
16 401
17 390
18 412
19 432
20 415
21 417
22 452
23 447
24 451
25 446
26 451
27 454
28 443
29 476
30 479
31 448
32 467
33 468
34 482
35 477
36 468
37 494
38 471
39 492
40 491
41 472
42 473
43 482
44 486
45 488
46 491
47 508
48 493
49 457
50 496
51 490
52 480
53 494
54 492
55 494
56 476
57 490
58 490
59 499
60 503
61 524
62 513
63 497
64 503
65 494
66 491
67 491
68 506
69 503
70 511
71 504
72 489
73 514
74 499
75 488
76 494
77 508
78 491
79 510
80 512
81 499
82 501
83 524
84 503
85 497
86 498
87 514
88 518
89 513
90 520
91 517
92 511
93 524
94 512
95 518
96 512
97 486
98 504
99 497
100 537
101 516
102 527
103 511
104 503
105 512
106 523
107 515
108 526
109 520
110 500
111 507
112 507
113 518
114 545
115 533
116 535
117 505
118 519
119 534
120 503
121 498
122 501
123 526
124 523
125 505
126 518
127 517
128 515
129 525
130 500
131 526
132 513
133 516
134 491
135 500
136 527
137 522
138 533
139 513
140 514
141 470
142 516
143 512
144 528
145 510
146 517
147 512
148 515
149 516
150 508
151 528
152 512
153 488
154 508
155 517
156 500
