0 134
1 189
2 238
3 265
4 286
5 311
6 335
7 346
8 376
9 371
10 383
11 404
12 413
13 419
14 450
15 450
16 455
17 453
18 447
19 457
20 451
21 467
22 462
23 453
24 478
25 476
26 487
27 462
28 467
29 465
30 475
31 482
32 484
33 468
34 490
35 489
36 465
37 465
38 471
39 483
40 473
41 508
42 490
43 497
44 508
45 492
46 489
47 491
48 498
49 487
50 486
51 511
52 502
53 499
54 517
55 509
56 509
57 507
58 516
59 497
60 500
61 511
62 496
63 523
64 520
65 533
66 531
67 497
68 524
69 516
70 523
71 504
72 516
73 514
74 516
75 535
76 540
77 542
78 547
79 522
80 523
81 537
82 523
83 518
84 511
85 540
86 517
87 526
88 529
89 533
90 531
91 528
92 538
93 555
94 541
95 524
96 537
97 524
98 533
99 525
100 529
101 536
102 518
103 533
104 557
105 550
106 526
107 542
108 536
109 540
110 531
111 520
112 538
113 535
114 536
115 539
116 535
117 549
118 527
119 516
120 551
121 520
122 534
123 536
124 536
125 540
126 545
127 534
128 530
129 521
130 510
131 533
132 564
133 547
134 567
135 552
136 548
137 528
138 553
139 540
140 550
141 540
142 545
143 549
144 536
145 553
146 540
147 552
148 559
149 563
150 565
151 555
152 551
153 556
154 554
155 552
156 534
157 551
158 556
159 540
160 570
161 551
162 544
163 549
164 565
165 551
166 542
167 566
168 549
169 579
170 545
171 559
172 561
173 554
174 569
175 571
176 564
177 554
178 545
179 552
180 552
181 552
182 564
183 555
184 553
185 539
186 568
187 557
188 564
189 538
190 556
191 547
192 570
193 566
194 567
195 568
196 563
197 562
198 552
199 547
200 565
201 574
202 565
203 553
204 562
205 581
206 566
207 570
208 579
209 583
210 562
211 568
212 564
213 587
214 574
215 567
216 581
217 557
218 566
219 575
220 566
221 568
222 569
223 565
224 565
225 563
226 563
227 572
228 566
229 575
230 564
231 572
232 566
233 581
234 551
235 564
236 560
237 580
238 550
239 564
240 570
241 557
242 580
243 588
244 588
245 587
246 577
247 569
248 564
249 570
250 568
251 589
252 568
253 596
254 580
255 593
256 574
257 586
258 583
259 579
260 560
261 598
262 583
263 571
264 598
265 597
266 601
267 583
268 599
269 600
270 589
271 580
272 596
273 592
274 571
275 581
276 577
277 600
278 590
279 575
280 591
281 599
282 587
283 606
284 586
285 585
286 599
287 575
288 600
289 596
290 584
291 608
292 586
293 589
294 608
295 616
296 592
297 597
298 611
299 497
300 485
301 473
302 486
303 504
304 491
305 488
306 482
307 493
308 494
309 491
310 494
311 504
312 498
313 508
314 503
315 505
316 511
317 505
318 515
319 522
320 505
321 516
322 525
323 514
324 529
325 531
326 521
327 531
328 546
329 528
330 523
331 530
332 531
333 532
334 527
335 530
336 529
337 537
338 529
339 522
340 531
341 524
342 526
343 546
344 549
345 528
346 537
347 537
348 546
349 542
350 545
351 547
352 542
353 548
354 543
355 537
356 539
357 537
358 550
359 551
360 533
361 551
362 548
363 533
364 549
365 543
366 546
367 562
368 557
369 549
370 551
371 565
372 538
373 546
374 564
375 549
376 555
377 558
378 550
379 562
380 541
381 570
382 543
383 541
384 551
385 558
386 547
387 556
388 545
389 551
390 553
391 552
392 551
393 545
394 546
395 560
396 543
397 561
398 556
399 565
400 556
401 570
402 567
403 560
404 568
405 544
406 554
407 569
408 562
409 565
410 565
411 583
412 559
413 559
414 567
415 556
416 562
417 571
418 572
419 566
420 564
421 577
422 569
423 574
424 571
425 569
426 581
427 580
428 568
429 560
430 563
431 565
432 570
433 586
434 582
435 596
436 581
437 576
438 570
439 591
440 602
441 589
442 588
443 584
444 594
445 591
446 592
447 587
448 592
449 596
