0 138
1 162
2 216
3 254
4 254
5 266
6 268
7 297
8 287
9 289
10 290
11 318
12 305
13 305
14 320
15 321
16 335
17 328
18 316
19 338
20 353
21 351
22 349
23 371
24 366
25 375
26 347
27 402
28 380
29 383
30 404
31 366
32 401
33 402
34 409
35 395
36 412
37 366
38 384
39 407
40 412
41 426
42 420
43 427
44 426
45 417
46 411
47 412
48 397
49 410
50 439
51 451
52 436
53 439
54 425
55 406
56 399
57 400
58 362
59 404
60 401
61 399
62 419
63 424
64 440
65 419
66 438
67 439
68 419
69 426
70 462
71 448
72 441
73 457
74 453
75 464
76 438
77 439
78 450
79 490
80 439
81 438
82 466
83 431
84 461
85 449
86 447
87 417
88 427
89 409
90 423
91 417
92 409
93 448
94 446
95 433
96 469
97 421
98 440
99 436
100 451
101 491
102 490
103 464
104 454
105 461
106 457
107 467
108 505
109 483
110 446
111 457
112 461
113 493
114 440
115 453
116 451
117 500
118 469
119 464
120 462
121 468
122 483
123 492
124 427
125 430
126 458
127 465
128 482
129 476
130 465
131 458
132 449
133 448
134 478
135 459
136 443
137 466
138 472
139 479
140 446
141 462
142 458
143 466
144 436
145 502
146 461
147 471
148 487
149 480
150 477
151 465
152 490
153 447
154 426
155 451
156 485
157 451
158 450
159 480
160 474
161 484
162 473
163 478
164 482
165 481
166 453
167 487
168 474
169 436
170 454
171 503
172 479
173 480
174 461
175 498
176 483
177 445
178 464
179 473
180 484
181 507
182 466
183 509
184 461
185 486
186 477
187 449
188 492
189 490
190 511
191 477
192 494
193 493
194 484
195 520
196 467
197 479
198 475
199 463
200 445
201 494
202 458
203 497
204 470
205 453
206 492
207 469
208 467
209 466
210 462
211 455
212 483
213 494
214 474
215 461
216 471
217 472
218 472
219 459
220 464
221 472
222 443
223 472
224 483
225 479
226 481
227 484
228 453
229 476
230 482
231 452
232 445
233 475
234 492
235 502
236 489
237 476
238 477
239 469
240 448
241 475
242 443
243 425
244 451
245 487
246 490
247 500
248 531
249 475
250 497
251 477
252 484
253 478
254 458
255 445
256 451
257 481
258 473
259 479
260 463
261 501
262 469
263 481
264 439
265 472
266 503
267 489
268 463
269 464
270 479
271 467
272 461
273 447
274 477
275 476
276 468
277 471
278 485
279 501
280 482
281 479
282 503
283 499
284 522
285 503
286 493
287 435
288 472
289 460
290 474
291 477
292 487
293 507
294 491
295 503
296 495
297 491
298 476
299 479
300 481
301 493
302 495
303 483
304 457
305 513
306 504
307 494
308 498
309 503
310 504
311 499
312 492
313 483
314 506
315 513
316 496
317 488
318 474
319 496
320 536
321 527
322 505
323 475
324 477
325 478
326 490
327 498
328 497
329 517
330 491
331 464
332 483
333 477
334 492
335 474
336 453
337 463
338 475
339 469
340 500
341 486
342 484
343 491
344 509
345 479
346 492
347 484
348 474
349 451
350 470
351 482
352 493
353 464
354 494
355 472
356 496
357 492
358 455
359 528
360 473
361 496
362 478
363 497
364 499
365 485
366 482
367 475
368 487
369 473
370 479
371 512
372 487
373 468
374 482
375 479
376 439
377 491
378 487
379 496
380 486
381 502
382 473
383 512
384 506
385 530
386 469
387 435
388 460
389 477
390 482
391 484
392 451
393 503
394 507
395 482
396 515
397 511
398 479
399 493
400 469
401 475
402 497
403 506
404 473
405 470
406 479
407 491
408 479
409 471
410 515
411 490
412 480
413 474
414 480
415 474
416 488
417 478
418 481
419 481
420 501
421 507
422 512
423 500
424 501
425 493
426 495
427 463
428 471
429 474
430 475
431 473
432 490
433 476
434 451
435 483
436 476
437 438
438 484
439 499
440 478
441 498
442 465
443 474
444 479
445 484
446 490
447 474
448 481
449 482
450 503
451 513
452 509
453 498
454 508
455 520
456 495
457 482
458 489
459 489
460 501
461 457
462 478
463 485
464 473
465 487
466 508
467 487
468 535
469 522
470 509
471 487
472 490
473 490
474 533
475 526
476 475
477 450
478 462
479 463
480 460
481 471
482 506
483 506
484 506
485 469
486 525
487 476
488 484
489 466
490 494
491 509
492 479
493 491
494 495
495 499
496 495
497 506
498 482
499 450
500 516
501 491
502 493
503 473
504 466
505 458
506 511
507 487
508 479
509 475
510 486
511 509
512 498
513 485
514 474
515 460
516 472
517 464
518 457
519 462
520 468
521 481
522 478
523 474
524 477
525 515
526 491
527 505
528 482
529 504
530 488
531 457
532 506
533 463
534 485
535 493
536 491
537 473
538 486
539 450
540 488
541 471
542 501
543 501
544 475
545 473
546 489
547 510
548 454
549 497
550 465
551 469
552 474
553 454
554 484
555 507
556 481
557 499
558 524
559 486
560 491
561 439
562 494
563 470
564 466
565 495
566 459
567 474
568 469
569 461
570 533
571 468
572 500
573 483
574 480
575 483
576 473
577 472
578 480
579 492
580 503
581 486
582 469
583 510
584 493
585 492
586 472
587 475
588 491
589 486
590 480
591 496
592 475
593 482
594 499
595 488
596 475
597 482
598 483
599 497
600 479
601 481
602 485
603 469
604 477
605 463
606 439
607 459
608 484
609 489
610 462
611 470
612 512
613 469
614 478
615 500
616 495
617 499
618 477
619 452
620 517
621 504
622 473
623 461
624 502
625 497
626 494
627 473
628 470
629 470
630 501
631 497
632 537
633 507
634 488
635 540
636 538
637 522
638 503
639 520
640 505
641 520
642 502
643 506
644 504
645 499
646 522
647 522
648 474
649 514
650 449
651 483
652 476
653 486
654 492
655 464
656 514
657 517
658 493
659 517
660 479
661 480
662 504
663 440
664 485
665 502
666 484
667 452
668 520
669 478
670 487
671 488
672 441
673 497
674 506
675 513
676 488
677 482
678 481
679 494
680 509
681 503
682 443
683 492
684 496
685 505
686 487
687 483
688 502
689 491
690 489
691 493
692 516
693 507
694 512
695 503
696 481
697 506
698 517
699 513
700 476
701 491
702 503
703 525
704 502
705 503
706 512
707 493
708 477
709 469
710 473
711 462
712 463
713 491
714 484
715 474
716 524
717 483
718 494
719 493
720 477
721 500
722 494
723 478
724 475
725 470
726 480
727 522
728 473
729 504
730 515
731 540
732 517
733 511
734 518
735 506
736 462
737 488
738 478
739 484
740 505
741 510
742 481
743 509
744 505
745 477
746 543
747 520
748 489
749 470
750 468
751 501
752 506
753 461
754 463
755 499
756 502
757 503
758 502
759 487
760 495
761 479
762 483
763 488
764 471
765 488
766 507
767 503
768 502
769 477
770 508
771 505
772 499
773 492
774 505
775 502
776 490
777 497
778 505
779 481
780 484
781 481
782 468
783 499
784 488
785 474
786 478
787 480
788 502
789 502
790 480
791 531
792 501
793 485
794 489
795 492
796 501
797 495
798 523
799 520
800 487
801 500
802 451
803 519
804 511
805 488
806 477
807 505
808 472
809 477
810 466
811 491
812 463
813 459
814 456
815 462
816 473
817 521
818 468
819 504
820 462
821 464
822 472
823 504
824 485
825 512
826 483
827 527
828 468
829 521
830 463
831 479
832 448
833 460
834 477
835 496
836 468
837 481
838 504
839 466
840 469
841 481
842 518
843 505
844 462
845 488
846 488
847 497
848 489
849 516
850 459
851 476
852 475
853 475
854 491
855 534
856 473
857 462
858 452
859 473
860 508
861 496
862 504
863 513
864 493
865 494
866 518
867 514
868 500
869 513
870 512
871 486
872 514
873 505
874 474
875 485
876 496
877 499
878 480
879 523
880 480
881 486
882 465
883 469
884 483
885 475
886 496
887 474
888 508
889 490
890 496
891 493
892 470
893 490
894 478
895 509
896 477
897 480
898 500
899 490
900 486
901 481
902 513
903 499
904 469
905 455
906 496
907 504
908 495
909 509
910 510
911 464
912 494
913 479
914 481
915 493
916 476
917 508
918 490
919 497
920 478
921 505
922 524
923 509
924 464
925 483
926 511
927 485
928 533
929 484
930 501
931 489
932 523
933 465
934 491
935 501
936 481
937 473
938 489
939 485
940 498
941 481
942 480
943 470
944 440
945 484
946 502
947 508
948 511
949 508
950 489
951 470
952 499
953 499
954 485
955 480
956 455
957 460
958 493
959 453
960 463
961 527
962 515
963 507
964 512
965 512
966 470
967 463
968 471
969 460
970 481
971 479
972 490
973 513
974 502
975 489
976 499
977 513
978 491
979 504
980 507
981 476
982 485
983 498
984 498
985 462
986 470
987 472
988 478
989 480
990 472
991 492
992 462
993 511
994 523
995 542
996 473
997 478
998 515
999 516
