0 121
1 164
2 202
3 226
4 243
5 243
6 255
7 249
8 274
9 297
10 276
11 295
12 301
13 307
14 307
15 310
16 323
17 314
18 342
19 350
20 379
21 398
22 393
23 380
24 393
25 382
26 389
27 389
28 407
29 387
30 386
31 405
32 413
33 389
34 413
35 425
36 398
37 414
38 432
39 425
40 422
41 397
42 413
43 420
44 440
45 445
46 454
47 429
48 454
49 435
50 406
51 429
52 412
53 400
54 414
55 415
56 429
57 423
58 436
59 464
60 432
61 436
62 432
63 459
64 447
65 447
66 420
67 429
68 433
69 444
70 438
71 434
72 431
73 462
74 433
75 435
76 429
77 449
78 453
79 468
80 441
81 471
82 450
83 472
84 479
85 474
86 483
87 503
88 462
89 492
90 493
91 482
92 475
93 494
94 486
95 501
96 493
97 486
98 504
99 498
100 499
101 512
102 511
103 499
104 510
105 502
106 501
107 514
108 508
109 536
110 519
111 512
112 512
113 501
114 507
115 492
116 505
117 525
118 514
119 496
120 488
121 500
122 487
123 493
124 498
125 498
126 503
127 504
128 528
129 499
130 502
131 500
132 514
133 498
134 531
135 496
136 496
137 522
138 501
139 480
140 509
141 523
142 505
143 496
144 496
145 497
146 532
147 494
148 503
149 534
150 498
151 520
152 503
153 530
154 509
155 519
156 507
157 498
158 518
159 516
160 500
161 528
162 513
163 534
164 513
165 487
166 518
167 513
168 510
169 515
170 507
171 511
172 508
173 505
174 494
175 486
176 509
177 493
178 480
179 486
180 497
181 508
182 525
183 521
184 506
185 479
186 489
187 517
188 502
189 534
190 509
191 496
192 516
193 496
194 481
195 492
196 504
197 513
198 520
199 506
200 519
201 539
202 513
203 522
204 523
205 516
206 489
207 528
208 519
209 519
210 530
211 488
212 525
213 531
214 504
215 546
216 500
217 526
218 510
219 525
220 513
221 523
222 520
223 511
224 532
225 508
226 496
227 507
228 500
229 532
230 486
231 505
232 494
233 492
234 517
235 508
236 514
237 506
238 513
239 502
240 510
241 504
242 491
243 508
244 523
245 533
246 500
247 506
248 505
249 505
250 523
251 508
252 503
253 523
254 524
255 533
256 505
257 512
258 469
259 469
260 486
261 499
262 506
263 475
264 513
265 477
266 496
267 470
268 487
269 491
270 498
271 471
272 497
273 486
274 495
275 478
276 494
277 504
278 494
279 499
280 446
281 434
282 463
283 502
284 514
285 509
286 508
287 482
288 478
289 493
290 504
291 487
292 473
293 473
294 509
295 500
296 510
297 480
298 470
299 511
300 539
301 518
302 480
303 487
304 506
305 503
306 472
307 485
308 512
309 494
310 475
311 517
312 475
313 488
314 474
315 477
316 471
317 475
318 466
319 486
320 481
321 490
322 515
323 502
324 504
325 521
326 497
327 514
328 484
329 467
330 505
331 495
332 508
333 493
334 501
335 526
336 493
337 516
338 513
339 494
340 537
341 494
342 510
343 514
344 496
345 485
346 485
347 490
348 505
349 509
350 503
351 533
352 510
353 528
354 520
355 509
356 511
357 510
358 476
359 506
360 500
361 498
362 545
363 484
364 521
365 485
366 512
367 524
368 521
369 516
370 505
371 504
372 480
373 487
374 482
375 502
376 482
377 466
378 477
379 508
380 476
381 530
382 514
383 497
384 516
385 503
386 479
387 528
388 505
389 502
390 544
391 509
392 499
393 504
394 494
395 483
396 491
397 525
398 493
399 522
400 487
401 483
402 506
403 490
404 507
405 492
406 508
407 475
408 503
409 495
410 472
411 469
412 478
413 472
414 482
415 511
416 513
417 491
418 505
419 487
420 518
421 483
422 512
423 499
424 510
425 520
426 480
427 503
428 506
429 493
430 490
431 491
432 500
433 504
434 479
435 539
436 484
437 501
438 527
439 496
440 465
441 506
442 513
443 494
444 500
445 493
446 489
447 514
448 498
449 514
450 478
451 514
452 497
453 498
454 525
455 525
456 492
457 530
458 483
459 532
460 522
461 474
462 511
463 482
464 484
465 507
466 506
467 508
468 537
469 510
470 507
471 523
472 510
473 509
474 498
475 513
476 502
477 520
478 497
479 520
480 528
481 514
482 498
483 508
484 516
485 501
486 519
487 498
488 501
489 517
490 501
491 518
492 486
493 509
494 511
495 528
496 494
497 506
498 509
499 502
500 505
501 538
502 536
503 524
504 538
505 513
506 505
507 495
508 481
509 488
510 540
511 536
512 520
513 486
514 515
515 477
516 512
517 518
518 518
519 530
520 489
521 526
522 529
523 570
524 514
525 473
526 473
527 516
528 514
529 492
530 523
531 499
532 502
533 491
534 510
535 495
536 497
537 502
538 511
539 542
540 531
541 498
542 501
543 489
544 496
545 517
546 521
547 500
548 466
549 516
550 490
551 488
552 489
553 496
554 527
555 504
556 519
557 498
558 455
559 508
560 496
561 533
562 493
563 507
564 517
565 523
566 496
567 494
568 506
569 482
570 535
571 516
572 504
573 472
574 505
575 516
576 544
577 524
578 498
579 486
580 485
581 506
582 524
583 506
584 488
585 464
586 540
587 495
