0 153
1 213
2 244
3 274
4 303
5 322
6 339
7 370
8 364
9 355
10 367
11 369
12 359
13 387
14 384
15 384
16 405
17 391
18 403
19 429
20 423
21 428
22 426
23 415
24 433
25 431
26 427
27 440
28 480
29 473
30 458
31 475
32 462
33 468
34 449
35 468
36 481
37 485
38 468
39 464
40 470
41 532
42 485
43 470
44 469
45 494
46 524
47 479
48 475
49 490
50 481
51 475
52 472
53 468
54 468
55 468
56 509
57 504
58 499
59 504
60 478
61 482
62 468
63 493
64 522
65 498
66 504
67 509
68 486
69 498
70 518
71 502
72 482
73 506
74 485
75 494
76 486
77 493
78 511
79 503
80 512
81 507
82 511
83 502
84 520
85 490
86 495
87 513
88 520
89 509
90 483
91 497
92 541
93 512
94 497
95 493
96 524
97 517
98 525
99 542
100 516
101 537
102 530
103 542
104 554
105 533
106 552
107 527
108 513
109 532
110 544
111 544
112 544
113 539
114 605
