0 509
1 610
2 639
3 560
4 616
5 643
6 642
7 784
8 641
9 635
10 651
11 827
12 682
13 766
14 763
15 730
16 755
17 810
18 704
19 742
20 746
21 757
22 841
23 866
24 859
25 798
26 874
27 765
28 925
29 764
30 818
31 918
32 842
33 852
34 963
35 869
36 934
37 819
38 870
39 990
40 803
41 785
42 888
43 980
44 827
45 865
46 764
47 848
48 780
49 811
50 828
51 781
52 858
53 963
54 968
55 893
56 812
57 901
58 876
59 947
60 909
61 922
62 851
63 876
64 775
65 814
66 791
67 858
68 834
69 904
70 840
71 856
72 896
73 897
74 852
75 1101
76 958
77 907
78 1071
79 920
80 926
81 880
82 880
