0 123
1 175
2 213
3 259
4 292
5 283
6 295
7 256
8 255
9 259
10 267
11 274
12 260
13 286
14 288
15 281
16 305
17 283
18 287
19 275
20 268
21 276
22 280
23 299
24 294
25 287
26 271
27 264
28 297
29 300
30 286
31 259
32 253
33 291
34 295
35 298
36 293
37 301
38 314
39 311
40 334
41 323
42 298
43 326
44 311
45 325
46 323
47 369
48 350
49 373
50 368
51 368
52 395
53 386
54 436
55 434
56 422
57 421
58 434
59 450
60 448
61 415
62 425
63 477
64 475
65 454
66 419
67 444
68 424
69 443
70 425
71 431
72 417
73 451
74 449
75 435
76 436
77 428
78 453
79 476
80 471
81 441
82 459
83 437
84 433
85 455
86 431
87 470
88 444
89 460
90 508
91 485
92 461
93 434
94 441
95 461
96 432
97 454
98 450
99 449
100 429
101 461
102 431
103 457
104 418
105 414
106 451
107 436
108 426
109 447
110 476
111 463
112 432
113 483
114 421
115 409
116 426
117 469
118 445
119 447
120 436
121 428
122 408
123 425
124 419
125 433
126 459
127 421
128 466
129 453
130 442
131 460
132 459
133 434
134 418
135 444
136 436
137 428
138 427
139 439
140 458
141 445
142 417
143 459
144 459
145 413
146 450
147 435
148 428
149 390
150 445
151 465
152 431
153 434
154 430
155 441
156 421
157 428
158 433
159 439
160 439
161 442
162 464
163 439
164 445
165 424
166 433
167 421
168 440
169 467
170 444
171 423
172 419
173 498
174 446
175 409
176 427
177 443
178 414
179 411
180 429
181 437
182 428
183 451
184 390
185 421
186 441
187 433
188 459
189 438
190 428
191 440
192 440
193 452
194 434
195 421
196 437
197 444
198 472
199 424
200 456
201 426
202 487
203 478
204 463
205 428
206 450
207 458
208 443
209 442
210 434
211 407
212 420
213 414
214 461
215 459
216 437
217 452
218 434
219 406
220 450
221 453
222 472
223 440
224 468
225 454
226 455
227 476
228 464
229 466
230 451
231 463
232 445
233 463
234 459
235 461
236 416
237 447
238 446
239 427
240 437
241 471
242 407
243 439
244 458
245 448
246 475
247 487
248 432
249 476
250 457
251 474
252 471
253 433
254 430
255 434
256 422
257 412
258 431
259 434
260 435
261 444
262 428
263 434
264 415
265 399
266 462
267 419
268 426
269 422
270 434
271 439
272 463
273 484
274 466
275 440
276 429
277 457
278 466
279 442
280 437
281 429
282 457
283 412
284 449
285 451
286 438
287 451
288 466
289 434
290 475
291 455
292 460
293 465
294 459
295 477
296 464
297 467
298 463
299 447
300 421
301 434
302 442
303 446
304 415
305 419
306 431
307 448
308 450
309 441
310 440
311 446
312 451
313 472
314 465
315 500
316 458
317 473
318 468
319 473
320 456
321 489
322 452
323 459
324 475
325 488
326 463
327 464
328 430
329 453
330 462
331 441
332 442
333 427
334 454
335 413
336 423
337 445
338 417
339 438
340 429
341 436
342 438
343 453
344 458
345 446
346 450
347 474
348 438
349 478
350 460
351 450
352 451
353 477
354 453
355 480
356 441
357 455
358 464
359 492
360 454
361 480
362 447
363 474
364 480
365 454
366 469
367 476
368 461
369 436
370 460
371 472
372 455
373 434
374 426
375 505
376 469
377 451
378 464
379 446
380 411
381 416
382 422
383 445
384 463
385 472
386 476
387 435
388 420
389 431
390 422
391 429
392 428
393 431
394 478
395 426
396 484
397 456
398 425
399 419
400 424
401 438
402 459
403 446
404 450
405 464
406 449
407 427
408 445
409 460
410 469
411 449
412 437
413 422
414 411
415 435
416 452
417 439
418 460
419 428
420 432
421 409
422 423
423 438
424 459
425 457
426 445
427 413
428 417
429 455
430 458
431 453
432 441
433 467
434 460
435 447
436 459
437 461
438 468
439 468
440 445
441 437
442 401
443 398
444 411
445 426
446 474
447 467
448 443
449 446
450 467
451 483
452 449
453 457
454 460
455 421
456 439
457 415
458 448
459 422
460 457
461 440
462 450
463 439
464 478
465 442
466 482
467 454
468 451
469 444
470 458
471 467
472 429
473 451
474 444
475 439
476 429
477 467
478 476
479 466
480 489
481 467
482 469
483 468
484 470
485 436
486 413
487 427
488 458
489 459
490 483
491 482
492 426
493 474
494 447
495 460
496 435
497 443
498 432
499 455
500 473
501 437
502 443
503 484
504 462
505 450
506 436
507 407
508 442
509 415
510 469
511 474
512 457
513 452
514 460
515 441
516 443
517 467
518 470
519 439
520 414
521 433
522 462
523 447
524 461
525 448
526 460
527 454
528 461
529 434
530 455
531 412
532 454
533 469
534 459
535 446
536 449
537 455
538 424
539 437
540 444
541 449
542 455
543 466
544 465
545 442
546 460
547 428
548 454
549 420
550 417
551 436
552 444
553 460
554 461
555 468
556 424
557 455
558 474
559 432
560 438
561 452
562 440
563 458
564 449
565 457
566 442
567 476
568 471
569 488
570 479
571 449
572 495
573 446
574 452
575 432
576 405
577 422
578 451
579 472
580 426
581 449
582 453
583 424
584 418
585 424
586 464
587 434
588 462
589 447
590 433
591 430
592 434
593 458
594 411
595 413
596 452
597 428
598 463
599 485
600 444
601 442
602 421
603 446
604 454
605 469
606 473
607 435
608 448
609 506
610 453
611 490
612 454
613 456
614 457
615 434
616 467
617 463
618 442
619 486
620 450
621 494
622 451
623 462
624 474
625 449
626 427
627 443
628 472
629 408
630 449
631 436
632 465
633 463
634 486
635 441
636 417
637 439
638 409
639 425
640 441
641 429
642 447
643 431
644 444
645 435
646 441
647 426
648 474
649 426
650 449
651 441
652 435
653 409
654 436
655 430
656 448
657 449
658 450
659 419
660 462
661 491
662 464
663 429
664 440
665 463
666 462
667 424
668 468
669 484
670 441
671 476
672 445
673 445
674 463
675 449
676 453
677 464
678 490
679 472
680 434
681 446
682 446
683 444
684 453
685 428
686 452
687 442
688 453
689 443
690 455
691 451
692 436
693 427
694 473
695 501
696 437
697 470
698 462
699 468
700 424
701 481
702 468
703 463
704 445
705 471
706 478
707 477
708 472
709 457
710 460
711 447
712 427
713 446
714 422
715 416
716 450
717 434
718 421
719 440
720 435
721 421
722 430
723 442
724 423
725 420
726 443
727 441
728 483
729 440
730 421
731 453
732 423
733 445
734 407
735 450
736 444
737 481
738 438
739 438
740 454
741 444
742 429
743 447
744 441
745 449
746 489
747 467
748 464
749 449
750 465
751 502
752 442
753 443
754 453
755 424
756 443
757 442
758 433
759 460
760 439
761 459
762 470
763 447
764 428
765 448
766 467
767 446
768 438
769 444
770 493
771 467
772 476
773 444
774 443
775 433
776 465
777 456
778 435
779 471
780 420
781 460
782 444
783 450
784 418
785 469
786 460
787 437
788 419
789 451
790 477
791 441
792 463
793 439
794 472
795 405
796 455
797 416
798 446
799 460
800 454
801 470
802 474
803 442
804 447
805 453
806 473
807 458
808 454
809 465
810 472
811 455
812 451
813 457
814 448
815 464
816 465
817 448
818 431
819 454
820 414
821 449
822 429
823 411
824 421
825 419
826 437
827 429
828 459
829 465
830 452
831 468
832 434
833 407
834 412
835 425
836 452
837 423
838 429
839 460
840 449
841 462
842 449
843 466
844 446
845 408
846 440
847 460
848 448
849 430
850 448
851 405
852 405
853 439
854 418
855 428
856 459
857 437
858 420
859 436
860 424
861 437
862 460
863 488
864 505
865 483
866 438
867 471
868 460
869 453
870 471
871 452
872 436
873 496
874 460
875 427
876 463
877 405
878 451
879 444
880 418
881 417
882 456
883 464
884 439
885 462
886 443
887 433
888 461
889 421
890 435
891 398
892 415
893 383
894 437
895 436
896 416
897 424
898 437
899 430
900 461
901 444
902 439
903 469
904 424
905 456
906 450
907 426
908 468
909 414
910 423
911 431
912 409
913 432
914 432
915 433
916 464
917 426
918 403
919 406
920 405
921 448
922 438
923 420
924 436
925 440
926 422
927 420
928 457
929 446
930 440
931 475
932 464
933 466
934 442
935 429
936 406
937 444
938 448
939 458
940 467
941 440
942 446
943 444
944 415
945 468
946 470
947 453
948 415
949 429
950 458
951 431
952 456
953 451
954 446
955 438
956 446
957 440
958 442
959 438
960 441
961 458
962 433
963 419
964 445
965 444
966 423
967 448
968 433
969 475
970 449
971 471
972 453
973 439
974 426
975 441
976 470
977 434
978 448
979 434
980 445
981 427
982 459
983 429
984 458
985 442
986 414
987 433
988 445
989 415
990 431
991 417
992 452
993 423
994 435
995 461
996 401
997 434
998 446
999 454
