0 164
1 211
2 253
3 293
4 297
5 303
6 323
7 318
8 325
9 332
10 325
11 319
12 333
13 351
14 363
15 375
16 372
17 399
18 394
19 387
20 384
21 378
22 385
23 384
24 390
25 401
26 400
27 390
28 403
29 374
30 394
31 414
32 394
33 394
34 408
35 405
36 441
37 470
38 432
39 434
40 430
41 427
42 440
43 435
44 420
45 439
46 449
47 449
48 436
49 448
50 444
51 441
52 463
53 446
54 464
55 432
56 429
57 441
58 453
59 453
60 445
61 442
62 422
63 459
64 432
65 462
66 453
67 445
68 454
69 477
70 468
71 477
72 478
73 443
74 457
75 454
76 445
77 438
78 462
79 440
80 419
81 443
82 458
83 455
84 453
85 439
86 455
87 454
88 449
89 447
90 446
91 470
92 468
93 439
94 439
95 448
96 446
97 446
98 450
99 455
100 428
101 440
102 445
103 455
104 439
105 441
106 433
107 435
108 427
