0 129
1 171
2 218
3 260
4 284
5 298
6 306
7 317
8 323
9 331
10 329
11 351
12 357
13 351
14 366
15 367
16 371
17 365
18 374
19 383
20 392
21 392
22 392
23 399
24 404
25 406
26 402
27 407
28 397
29 402
30 393
31 406
32 406
33 409
34 425
35 423
36 424
37 426
38 431
39 434
40 433
41 440
42 417
43 427
44 420
45 421
46 434
47 426
48 439
49 425
50 428
51 448
52 437
53 446
54 454
55 459
56 445
57 457
58 456
59 455
60 475
61 468
62 466
63 473
64 460
65 476
66 474
67 476
68 487
69 479
70 481
71 473
72 485
73 493
74 493
75 489
76 496
77 483
78 493
79 481
80 486
81 498
82 502
83 506
84 513
85 502
86 505
87 497
88 519
89 515
90 506
91 511
92 522
93 512
94 504
95 515
96 515
97 525
98 532
99 531
100 509
101 539
102 535
103 528
104 525
105 522
106 524
107 524
108 536
109 534
110 534
111 518
112 533
113 525
114 522
115 519
116 523
117 536
118 528
119 530
120 535
121 536
122 537
123 536
124 541
125 556
126 543
127 539
128 532
129 546
130 539
131 542
132 534
133 549
134 541
135 553
136 541
137 544
138 545
139 542
140 543
141 534
142 548
143 534
144 540
145 540
146 537
147 538
148 546
149 547
150 543
151 538
152 554
153 535
154 541
155 547
156 532
157 542
158 541
159 553
160 550
161 536
162 539
163 547
164 543
165 542
166 525
167 530
168 534
169 537
170 537
171 536
172 536
173 538
174 535
175 527
176 541
177 524
178 528
179 521
180 538
181 540
182 532
183 542
184 537
185 532
186 530
187 528
188 549
189 538
190 536
191 541
192 542
193 543
