0 716
1 726
2 1036
3 1036
4 1410
5 1410
6 1410
7 1410
8 1410
9 1410
10 1410
11 1410
12 1410
13 1410
14 1410
15 1410
16 1410
17 1410
18 1410
19 1410
20 1410
21 1410
22 1410
23 1410
24 1410
25 1410
26 1410
27 1410
28 1410
29 1410
30 1410
31 1410
32 1410
33 1410
34 1410
35 1490
36 1490
37 1490
38 1490
39 1490
40 1490
41 1490
42 1490
43 1490
44 1490
45 1490
46 1490
47 1536
48 1536
49 1536
50 1536
51 1536
52 1553
53 1553
54 1553
55 1553
56 1553
57 1553
58 1553
59 1553
60 1630
61 1630
62 1630
63 1630
64 1630
65 1630
66 1630
67 1630
68 1630
69 1630
70 1630
71 1630
72 1630
73 1630
74 1630
75 1630
76 1630
77 1630
78 1630
79 1630
80 1630
81 1630
82 1630
83 1630
84 1630
85 1630
86 1630
87 1630
88 1630
89 1630
90 1630
91 1630
92 1630
93 1630
94 1630
95 1630
96 1630
97 1630
98 1630
99 1630
100 1630
101 1630
102 1630
103 1630
104 1630
105 1630
106 1630
107 1630
108 1630
109 1630
110 1630
111 1630
112 1630
113 1630
114 1630
115 1630
116 1630
117 1630
118 1630
119 1630
120 1630
121 1630
122 1630
123 1630
124 1630
125 1630
126 1736
127 1736
128 1986
129 1986
130 1986
131 1986
132 1986
133 1986
134 1986
135 1986
136 1986
137 1986
138 1986
139 1986
140 1986
141 1986
142 1986
143 1986
144 1986
145 1986
146 1986
147 1986
148 1986
149 1986
150 1986
151 1986
152 1986
153 1986
154 1986
155 1986
156 1986
157 1986
158 1986
159 1986
160 1986
161 1986
162 1986
163 1986
164 1986
165 1986
166 1986
167 1986
168 1986
169 1986
170 1986
171 1986
172 1986
173 1986
174 1986
175 1986
176 1986
177 1986
178 1986
179 1986
180 1986
181 1986
182 1986
183 1986
184 1986
185 1986
186 1986
187 1986
188 1986
189 1986
190 1986
191 1986
192 1986
193 1986
194 1986
195 1986
196 1986
197 1986
198 1986
199 1986
200 1986
201 1986
202 1986
203 1986
204 1986
205 1986
206 1986
207 1986
208 1986
209 1986
210 1986
211 1986
212 1986
213 1986
214 1986
215 1986
216 1986
217 1986
218 1986
219 1986
220 1986
221 1986
222 1986
223 1986
224 1986
225 1986
226 1986
227 1986
228 1986
229 1986
230 1986
231 1986
232 1986
233 1986
234 1986
235 1986
236 1986
237 1986
238 1986
239 1986
240 1986
241 1986
242 1986
243 1986
244 1986
245 1986
246 1986
247 1986
248 1986
249 1986
250 1986
251 1986
252 1986
253 1986
254 1986
255 1986
256 1986
257 1986
258 1986
259 1986
260 1986
261 1986
262 2003
263 2003
264 2003
265 2003
266 2003
267 2003
268 2003
269 2003
270 2003
271 2003
272 2003
273 2003
274 2003
275 2003
276 2003
277 2003
278 2003
279 2003
280 2003
281 2003
282 2003
283 2003
284 2003
285 2003
286 2003
287 2003
288 2003
289 2003
290 2003
291 2003
292 2003
293 2003
294 2003
295 2003
296 2003
297 2003
298 2003
299 981
300 1018
301 995
302 1034
303 1178
304 981
305 990
306 955
307 1023
308 932
309 1140
310 1036
311 1016
312 975
313 1050
314 1016
315 1077
316 1008
317 1078
318 1047
319 1142
320 1006
321 979
322 954
323 1049
324 1018
325 1116
326 951
327 1023
328 1040
329 994
330 1169
331 1074
332 1040
333 1010
334 1043
335 1059
336 1075
337 1014
338 964
339 1063
340 988
341 1006
342 1051
343 1324
344 1222
345 1159
346 1323
347 1052
348 1039
349 1080
350 1035
351 981
352 1061
353 1050
354 1167
355 1072
356 1066
357 1125
358 1082
359 1162
360 1006
361 1065
362 1098
363 1023
364 1058
365 1105
366 1092
367 1131
368 1166
369 1118
370 1221
371 1021
372 1056
373 1067
374 1117
375 1244
376 1062
377 1291
378 1090
379 1077
380 1168
381 1095
382 1050
383 1112
384 1112
385 1097
386 1073
387 1055
388 1049
389 1050
390 1138
391 999
392 1060
393 1109
394 1046
395 1251
396 1080
397 1080
398 1216
399 1031
400 1117
401 1049
402 1117
403 1056
404 1225
405 1139
406 1182
407 1043
408 1069
409 1137
410 1034
411 1066
412 1144
413 1204
414 1158
415 1332
416 1100
417 1317
418 1140
419 1150
420 1165
421 1173
422 1202
423 1079
424 1152
425 1028
426 1138
427 1075
428 1017
429 1098
430 1095
431 1151
432 1077
433 1268
434 1265
435 1256
436 1086
437 1130
438 1187
439 1083
440 1098
441 1119
442 1145
443 1137
444 1106
445 1092
446 1148
447 1068
448 1246
449 1221
