0 604
1 698
2 578
3 612
4 624
5 608
6 612
7 734
8 764
9 790
10 658
11 744
12 806
13 784
14 746
15 1044
16 1006
17 1084
18 918
19 858
20 1116
21 966
22 956
23 1016
24 798
25 1016
26 1024
27 1006
28 888
29 886
30 920
31 1092
32 916
33 906
34 1112
35 1026
36 958
37 1032
38 992
39 936
40 1004
41 1000
42 984
43 828
44 1058
45 1000
46 1310
47 940
48 1080
49 1078
50 906
51 908
52 936
53 1018
54 1104
55 892
56 980
57 1096
58 1002
59 1072
60 982
61 1286
62 1008
63 968
64 1002
65 886
66 994
67 992
68 926
69 1142
70 942
71 1000
72 918
73 942
74 1008
75 942
76 1002
77 1242
78 1696
79 962
80 968
81 1108
82 982
83 940
84 1018
85 1034
86 1056
87 1124
88 1224
89 1142
90 942
91 1332
92 1066
93 1038
94 1104
95 1280
96 1302
97 1160
98 1124
99 1022
100 1048
101 980
102 1332
103 1056
104 1068
105 1050
106 1102
107 996
108 1212
109 1114
110 1062
111 1132
112 1076
113 1302
114 1026
115 1076
116 1088
117 992
118 1050
119 1062
120 1126
121 1098
122 1052
123 1146
124 1068
125 1086
126 1108
127 1166
128 1190
129 1076
130 1176
131 1212
132 1238
133 1044
134 1118
135 1016
136 1196
137 1046
138 1198
139 1190
140 990
141 1280
142 1032
143 1052
144 990
145 1136
146 1044
147 1074
148 1036
149 1104
150 966
151 1132
152 1024
153 1204
154 1024
155 1042
156 1048
157 1018
158 1304
159 1404
160 1076
161 1012
162 1046
163 1130
164 1198
165 1014
166 1170
167 1192
168 1042
169 1142
170 1188
171 1056
172 1156
173 1012
174 974
175 1090
176 976
177 960
178 998
179 1072
180 1732
181 1040
182 1146
183 1152
184 1082
185 1130
186 1060
187 1076
188 1020
189 1032
190 1078
191 1442
192 1068
193 1136
194 992
195 1102
196 1094
197 1026
198 1118
199 990
200 1126
201 1152
202 1034
203 1092
204 1176
205 1186
206 1042
207 1208
208 1108
209 1032
210 1256
211 1050
212 1230
213 1456
214 1054
215 1106
216 986
217 1160
218 1134
219 1114
220 1166
221 1126
222 1002
223 1044
224 1120
225 1052
226 1188
227 1196
228 1132
229 1110
230 1232
231 1108
232 1046
233 986
234 1342
235 1052
236 1094
237 1006
238 1142
239 1234
240 1350
241 1044
242 1026
243 1280
244 1016
245 1044
246 988
247 1030
248 1140
249 1180
250 1122
251 1046
252 986
253 1018
254 1446
255 1218
256 713
257 899
258 715
259 730
260 791
261 834
262 798
263 762
264 750
265 809
266 726
267 738
268 828
269 748
270 824
271 764
272 769
273 731
274 733
275 797
276 830
277 809
278 800
279 851
280 806
281 782
282 762
283 885
284 834
285 878
286 839
287 823
288 788
289 773
290 815
291 800
292 748
293 782
294 773
295 802
296 794
297 751
298 813
299 829
300 902
301 784
302 761
303 797
304 855
305 759
306 833
307 748
308 823
309 856
310 884
311 815
312 813
313 841
314 889
315 813
316 728
317 820
318 753
319 811
320 768
321 903
322 811
323 916
324 790
325 884
326 827
327 821
328 761
329 829
330 737
331 747
332 984
333 840
334 844
335 873
336 781
337 788
338 768
339 835
340 747
341 791
342 773
343 832
344 802
345 815
346 841
347 877
348 814
349 817
350 714
351 829
352 876
353 876
354 859
355 937
356 872
357 824
358 688
359 847
360 887
361 932
362 925
363 800
364 879
365 751
366 811
367 859
368 905
369 827
370 771
371 798
372 890
373 806
374 745
375 841
376 762
377 786
378 784
379 793
380 790
381 828
382 849
383 867
384 801
385 905
386 829
387 806
388 816
389 846
390 933
391 823
392 870
393 893
394 744
395 812
396 724
397 826
398 829
399 884
400 775
401 807
402 774
403 793
404 860
405 842
406 792
407 776
408 764
409 896
410 808
411 839
412 801
413 748
414 895
415 819
416 898
417 810
418 847
419 741
420 837
421 737
422 871
423 765
424 799
425 894
426 874
427 749
428 951
429 800
430 778
431 813
432 809
433 782
434 737
435 820
436 728
437 794
438 780
439 790
440 735
441 936
442 867
443 786
444 850
445 748
446 771
447 845
448 787
449 786
450 1004
451 837
452 843
453 903
454 735
455 840
456 761
457 787
458 861
459 861
460 935
461 851
462 951
463 697
464 796
465 838
466 810
467 767
468 923
469 785
470 764
471 870
472 727
473 856
474 778
475 817
476 878
477 906
478 854
479 870
480 857
481 848
482 720
483 854
484 842
485 862
486 777
487 918
488 811
489 840
490 751
491 812
492 857
493 804
494 800
495 802
496 809
497 914
498 799
499 808
500 781
501 888
502 781
503 802
504 806
505 819
506 925
507 774
508 776
509 812
510 910
511 852
512 880
513 912
514 740
515 780
516 855
517 829
518 837
519 822
520 787
521 830
522 858
523 783
524 749
525 734
526 776
527 772
528 810
529 932
530 889
531 764
532 814
533 903
534 870
535 983
536 712
537 818
538 756
539 836
540 956
541 742
542 893
543 824
544 908
545 814
546 905
547 761
548 828
549 767
550 770
551 829
552 773
553 764
554 842
555 885
556 846
557 766
558 768
559 784
560 745
561 821
562 793
563 760
564 802
565 903
566 808
567 858
568 750
569 827
570 819
571 798
572 836
573 798
574 818
575 855
576 841
577 866
578 740
579 766
580 791
581 953
582 792
583 824
584 813
585 737
586 808
587 803
