0 475
1 588
2 536
3 679
4 648
5 662
6 554
7 675
8 615
9 705
10 687
11 813
12 752
13 730
14 795
15 709
16 748
17 716
18 878
19 747
20 781
21 701
22 807
23 722
24 748
25 761
26 655
27 799
28 780
29 803
30 790
31 779
32 757
33 800
34 763
35 756
36 784
37 782
38 736
39 726
40 774
41 761
42 756
43 730
44 772
45 832
46 710
47 802
48 752
49 736
50 716
51 821
52 816
53 876
54 790
55 748
56 837
57 812
58 806
59 754
60 703
61 787
62 847
63 831
64 772
65 803
66 910
67 756
68 829
69 770
70 735
71 843
72 866
73 776
74 792
75 795
76 797
77 850
78 887
79 794
80 782
81 805
82 790
83 787
84 807
85 740
86 755
87 848
88 834
89 787
90 912
91 783
92 854
93 890
94 842
95 829
96 809
97 820
98 866
99 856
100 841
101 780
102 794
103 772
104 806
105 790
106 828
107 837
108 858
109 828
110 798
111 986
112 758
113 910
114 794
115 863
116 820
117 860
118 778
119 772
120 782
121 842
122 808
123 824
124 819
125 793
126 803
127 843
128 810
129 809
130 851
131 770
132 828
133 771
134 814
135 748
136 821
137 867
138 824
139 836
140 786
141 796
142 780
143 797
144 794
145 852
146 799
147 819
148 799
149 816
150 754
151 799
152 762
153 728
154 836
155 834
156 793
