0 127
1 174
2 219
3 256
4 257
5 266
6 296
7 289
8 287
9 295
10 307
11 332
12 337
13 340
14 350
15 353
16 352
17 365
18 360
19 370
20 356
21 385
22 391
23 383
24 387
25 380
26 394
27 382
28 392
29 399
30 418
31 421
32 411
33 432
34 408
35 410
36 416
37 434
38 421
39 446
40 444
41 435
42 455
43 447
44 448
45 451
46 446
47 454
48 439
49 448
50 437
51 430
52 431
53 430
54 432
55 409
56 425
57 454
58 446
59 443
60 473
61 446
62 455
63 450
64 441
65 450
66 460
67 456
68 443
69 453
70 472
71 450
72 450
73 443
74 459
75 442
76 436
77 467
78 458
79 462
80 452
81 460
82 457
83 458
84 471
85 473
86 465
87 481
88 475
89 488
90 486
91 481
92 483
93 459
94 466
95 478
96 458
97 449
98 456
99 473
100 474
101 457
102 457
103 461
