0 130
1 130
2 140
3 146
4 136
5 140
6 152
7 150
8 136
9 140
10 150
11 150
12 170
13 182
14 190
15 192
16 220
17 228
18 230
19 240
20 240
21 240
22 240
23 240
24 240
25 240
26 240
27 250
28 256
29 256
30 250
31 250
32 274
33 296
34 314
35 296
36 406
37 342
38 290
39 298
40 314
41 324
42 320
43 302
44 314
45 320
46 320
47 320
48 382
49 526
50 322
51 320
52 320
53 324
54 320
55 370
56 324
57 376
58 330
59 370
60 370
61 376
62 382
63 382
64 366
65 330
66 370
67 394
68 342
69 370
70 376
71 388
72 388
73 342
74 388
75 376
76 370
77 370
78 376
79 330
80 404
81 376
82 330
83 320
84 330
85 370
86 330
87 320
88 324
89 324
90 330
91 320
92 320
93 320
94 320
95 324
96 324
97 324
98 320
99 320
100 320
101 320
102 320
103 320
104 320
105 320
106 320
107 320
108 324
109 324
110 320
111 320
112 320
113 320
114 320
115 324
116 324
117 324
118 320
119 320
120 320
121 320
122 324
123 324
124 320
125 320
126 324
127 324
128 324
129 324
130 320
131 320
132 320
133 324
134 324
135 320
136 320
137 324
138 320
139 320
140 320
141 324
142 324
143 324
144 324
145 324
146 324
147 320
148 320
149 320
150 324
151 324
152 320
153 324
154 320
155 328
156 324
157 320
158 320
159 320
160 320
161 320
162 320
163 324
164 324
165 324
166 324
167 324
168 320
169 320
170 324
171 324
172 320
173 324
174 324
175 324
176 324
177 320
178 320
179 320
180 322
181 324
182 324
183 324
184 324
185 324
186 320
187 324
188 324
189 324
190 320
191 324
192 320
193 320
194 320
195 324
196 320
197 320
198 324
199 324
200 324
201 324
202 324
203 320
204 320
205 320
206 324
207 324
208 320
209 320
210 320
211 320
212 324
213 324
214 320
215 320
216 320
217 320
218 320
219 320
220 320
221 324
222 324
223 328
224 324
225 320
226 320
227 328
228 324
229 324
230 324
231 324
232 324
233 328
234 320
235 320
236 324
237 324
238 320
239 320
240 324
241 324
242 324
243 320
244 324
245 320
246 324
247 324
248 324
249 324
250 324
251 324
252 324
253 324
254 324
255 320
256 320
257 320
258 324
259 324
260 324
261 324
262 320
263 320
264 320
265 324
266 324
267 324
268 320
269 320
270 320
271 320
272 320
273 320
274 324
275 324
276 328
277 320
278 324
279 320
280 320
281 322
282 320
283 324
284 328
285 324
286 320
287 324
288 320
289 332
290 324
291 324
292 324
293 324
294 324
295 324
