0 177
1 208
2 182
3 140
4 169
5 125
6 142
7 133
8 143
9 147
10 139
11 142
12 135
13 148
14 151
15 143
16 156
17 148
18 197
19 223
20 254
21 200
22 241
23 190
24 238
25 251
26 237
27 201
28 208
29 240
30 240
31 240
32 240
33 243
34 248
35 240
36 240
37 240
38 240
39 240
40 240
41 240
42 240
43 240
44 240
45 240
46 240
47 240
48 240
49 240
50 240
51 240
52 453
53 479
54 586
55 587
56 618
57 608
58 623
59 617
60 598
61 654
62 622
63 696
64 644
65 640
66 630
67 628
68 620
69 633
70 711
71 678
72 737
73 710
74 667
75 779
76 707
77 754
78 715
79 716
