0 112
1 113
2 113
3 114
4 114
5 113
6 113
7 115
8 116
9 116
10 117
11 115
12 115
13 116
14 115
15 115
16 114
17 115
18 117
19 117
20 117
21 119
22 122
23 123
24 123
25 126
26 126
27 126
28 129
29 132
30 138
31 144
32 146
33 151
34 158
35 169
36 175
37 177
38 179
39 178
40 180
41 179
42 178
43 175
44 176
45 180
46 182
47 180
48 182
49 184
50 187
51 189
52 195
53 196
54 200
55 205
56 222
57 249
58 278
59 314
60 339
61 365
62 368
63 386
64 383
65 380
66 388
67 389
68 404
69 401
70 381
71 388
72 405
73 415
74 397
75 413
76 426
77 441
78 436
79 450
