0 114
1 118
2 120
3 119
4 120
5 120
6 120
7 122
8 118
9 121
10 123
11 123
12 122
13 126
14 129
15 132
16 132
17 137
18 137
19 144
20 141
21 150
22 153
23 155
24 168
25 177
26 176
27 171
28 170
29 168
30 160
31 154
32 167
33 164
34 160
35 170
36 190
37 177
38 177
39 173
40 178
41 172
42 188
43 177
44 154
45 164
46 165
47 143
48 138
49 162
50 173
51 176
52 182
53 182
54 177
55 190
56 213
57 215
58 224
59 228
60 234
61 227
62 234
63 247
64 244
65 238
66 244
67 241
68 238
69 240
70 239
71 240
72 255
73 237
74 239
75 248
76 255
77 249
78 229
79 216
80 231
81 248
82 247
83 235
84 251
85 232
86 234
87 233
88 236
89 245
90 267
91 226
92 245
93 260
94 259
95 269
96 266
97 259
98 265
99 243
100 244
101 256
102 267
103 260
104 248
105 255
106 249
107 226
108 232
109 224
110 250
111 257
112 267
113 261
114 251
115 243
116 255
117 255
118 263
119 265
120 266
121 262
122 262
123 270
124 251
125 237
126 248
127 247
128 225
129 224
130 229
131 237
132 260
133 254
134 255
135 250
136 227
137 233
138 241
139 243
140 253
141 248
142 245
143 230
144 216
145 227
146 243
147 252
148 254
149 250
150 258
151 256
152 240
153 261
154 263
155 246
156 259
157 274
158 281
159 268
160 253
161 243
162 270
163 272
164 262
165 239
166 232
167 237
168 245
169 241
170 256
171 247
172 253
173 252
174 252
175 255
176 267
177 264
178 280
179 268
180 257
181 248
182 240
183 231
184 217
185 222
186 241
187 242
188 241
189 225
190 239
191 221
192 218
193 227
194 226
195 210
196 214
197 230
198 232
199 233
200 234
201 228
202 212
203 226
204 215
205 207
206 211
207 233
208 256
209 254
210 255
211 240
212 238
213 235
214 231
215 224
216 227
217 215
218 211
219 236
220 232
221 224
222 215
223 231
224 252
225 255
226 256
227 256
228 241
229 234
230 239
231 246
232 233
233 240
234 268
235 242
236 239
237 244
238 252
239 229
240 251
241 241
242 240
243 248
244 253
245 265
246 273
247 249
248 258
249 255
250 240
251 254
252 256
253 252
254 250
255 240
256 246
257 235
258 230
259 231
260 247
261 254
262 246
263 262
264 262
265 254
266 252
267 259
268 272
269 259
270 249
271 278
272 286
273 271
274 260
275 256
276 255
277 264
278 252
279 254
280 279
281 257
282 252
283 247
284 250
285 271
286 264
287 246
288 227
289 238
290 262
291 266
292 276
293 278
294 280
295 273
