0 263
1 225
2 222
3 217
4 212
5 208
6 217
7 211
8 214
9 218
10 222
11 227
12 229
13 229
14 229
15 229
16 231
17 223
18 229
19 230
20 233
21 234
22 231
23 237
24 240
25 241
26 235
27 242
28 238
29 240
30 241
31 240
32 238
33 241
34 242
35 248
36 240
37 242
38 245
39 246
40 247
41 250
42 249
43 247
44 248
45 247
46 254
47 250
48 250
49 251
50 247
51 251
52 249
53 249
54 250
55 248
56 247
57 251
58 249
59 253
60 251
61 249
62 253
63 248
64 256
65 256
66 256
67 254
68 255
69 254
70 257
71 257
72 261
73 258
74 259
75 259
76 256
77 254
78 255
79 253
80 257
81 257
82 259
83 258
84 257
85 259
86 258
87 257
88 203
89 231
