0 118
1 120
2 120
3 117
4 120
5 119
6 119
7 120
8 120
9 120
10 119
11 120
12 119
13 120
14 119
15 120
16 120
17 119
18 119
19 120
20 120
21 120
22 118
23 120
24 120
25 120
26 119
27 120
28 120
29 119
30 118
31 120
32 120
33 120
34 120
35 120
36 120
37 119
38 119
39 119
40 119
41 120
42 120
43 119
44 120
45 120
46 120
47 120
48 119
49 120
50 120
51 120
52 120
53 120
54 120
55 120
56 120
57 120
58 120
59 120
60 120
61 120
62 119
63 118
64 118
65 120
66 119
67 120
68 118
69 120
70 120
71 120
72 118
73 120
74 120
75 119
