0 420
1 477
2 505
3 448
4 420
5 448
6 391
7 477
8 420
9 420
10 505
11 591
12 448
13 505
14 420
15 420
16 534
17 420
18 420
19 477
20 448
21 391
22 362
23 448
24 448
25 534
26 505
27 505
28 391
29 448
30 391
31 477
32 477
33 420
34 448
35 448
36 448
37 477
38 448
39 448
40 477
41 448
42 477
43 477
44 534
45 448
46 505
47 448
48 420
49 420
50 391
51 448
52 477
53 477
54 477
55 477
56 420
57 477
58 534
59 448
60 505
61 391
62 505
63 420
64 420
65 477
66 534
67 448
68 477
69 477
70 477
71 477
72 420
73 420
74 440
75 400
76 400
77 420
78 400
79 460
80 420
81 440
82 400
83 420
84 400
85 440
86 420
87 440
88 820
89 820
