0 1303
1 1446
2 1564
3 1570
4 1640
5 1693
6 1722
7 1783
8 1786
9 1930
10 1911
11 2022
12 2078
13 2080
14 2215
15 2333
16 2490
17 2503
18 2523
19 2568
20 2578
21 2638
22 2692
23 2715
24 2747
25 2701
26 2661
27 2681
28 2759
29 2761
30 2741
31 2730
32 2859
33 2800
34 2901
35 2918
36 2828
37 2786
38 2768
39 2843
40 2854
41 2748
42 2877
43 2864
44 2908
45 2869
46 2812
47 2785
48 2759
49 2863
50 2865
51 2817
52 2834
53 2925
54 2873
55 2906
56 2871
57 2910
58 2847
59 2900
60 2941
61 2863
62 2878
63 2863
64 2845
65 2853
66 2860
67 2801
68 2960
69 2829
70 2923
71 2918
72 2919
73 2957
74 2945
75 2890
76 2791
77 2938
78 2989
79 3001
80 2892
81 2928
82 2850
83 2880
84 2979
85 2954
86 2923
87 2954
88 2875
89 3032
90 2951
