0 2484
1 2366
2 2856
3 2406
4 2864
5 3832
6 3202
7 3914
8 3276
9 3610
10 3730
11 3328
12 4068
13 3618
14 3694
15 3636
16 4212
17 3816
18 3736
19 3964
20 5068
21 3864
22 4874
23 4048
24 3980
25 4130
26 4246
27 3930
28 3892
29 3898
30 4746
31 4344
32 4320
33 4090
34 4140
35 4748
36 4296
37 4380
38 4756
39 3920
40 4480
41 4262
42 4498
43 4204
44 4232
45 4166
46 4602
47 4652
48 4280
49 4336
50 4252
51 4664
52 4006
53 4354
54 4308
55 4292
56 4290
57 4506
58 4724
59 4414
60 4610
61 4584
62 4456
63 4472
64 4388
65 4418
66 4152
67 4332
68 4300
69 4598
70 4804
71 4332
72 4730
73 4680
74 4484
75 4356
76 4634
77 4822
78 5076
79 4768
80 4388
81 5346
82 4320
83 4228
84 4634
85 4684
86 4672
87 4800
88 4550
89 4274
90 4562
