0 3404
1 3114
2 3126
3 3432
4 3560
5 3578
6 4188
7 4168
8 4374
9 4162
10 3934
11 4438
12 4504
13 4556
14 4336
15 4428
16 4388
17 4236
18 4160
19 4328
20 5046
21 4468
22 4650
23 5052
24 4404
25 4682
26 4776
27 4960
28 4732
29 5082
30 4970
31 5690
32 5328
33 4998
34 5454
35 4986
36 4906
37 5398
38 5714
39 5416
40 5436
41 5628
42 6206
43 5782
44 5812
45 5440
46 5158
47 5768
48 5860
49 5460
50 5336
51 5958
52 5552
53 6392
54 5798
55 5466
56 5604
57 5822
58 5702
59 5318
60 5530
61 6950
62 5308
63 5248
64 5832
65 5490
66 5628
67 5276
68 5456
69 6722
70 5452
71 5550
72 5416
73 5706
74 6144
75 5258
76 6350
77 5792
78 6134
79 7148
80 6400
81 5576
82 5672
83 6396
84 5934
85 5726
86 5924
87 6152
88 5222
89 5938
90 5888
91 6458
92 5702
93 5816
94 5986
95 5648
96 5944
97 5636
98 7066
99 5610
100 5734
101 6490
102 6414
103 5920
104 5674
105 5320
106 5836
107 5938
108 6194
109 5736
110 6864
111 5346
112 6244
113 6002
114 5784
115 5830
116 6130
117 6430
118 5356
119 5592
120 6878
121 5978
122 7196
123 5886
124 5854
125 5750
126 6150
127 6184
128 5914
129 6652
130 6156
131 5754
132 5756
133 6522
134 6210
135 6440
136 6206
137 5862
138 6368
139 6418
140 6336
141 7088
142 7174
143 6516
144 6142
145 6540
146 6050
147 6238
148 6486
149 5510
150 5976
151 5534
152 6092
153 6574
154 6210
155 6064
156 7460
157 6314
158 6040
159 6100
160 5500
161 6186
162 6896
163 5284
164 6506
165 5658
166 5946
167 6792
168 7424
169 6610
170 6226
171 7456
172 6206
173 6712
174 6628
175 6246
176 8438
177 6026
178 6578
179 5924
180 6098
181 6118
182 6172
183 6438
184 5972
185 5944
186 5786
187 6458
188 6180
189 6400
190 5744
191 6016
192 5756
193 6212
194 7888
195 7140
196 6958
197 6652
198 5978
199 6630
200 5982
201 6216
202 6310
203 7120
204 6096
205 6816
206 6094
207 6674
208 6674
209 7030
210 6320
211 5874
212 5906
213 6148
214 6224
215 6212
216 6190
217 6400
218 5614
219 6552
220 6722
221 7148
222 7572
223 5946
224 7704
225 6740
226 6922
227 6354
228 6456
229 8360
230 7778
231 7490
232 5662
233 6806
234 6816
235 6658
236 6732
237 6410
238 7142
239 6280
240 7062
241 6264
242 6286
243 6640
244 6824
245 6884
246 7866
247 6376
248 7062
249 7096
250 6244
251 6352
252 6880
253 6918
254 6896
255 6168
256 7028
257 7024
258 6772
259 6744
260 6396
261 6592
262 7314
263 7140
264 6930
265 6456
266 6608
