0 1306
1 1658
2 1798
3 1955
4 1967
5 2092
6 2138
7 2184
8 2256
9 2394
10 2503
11 2432
12 2438
13 2536
14 2473
15 2613
16 2597
17 2601
18 2668
19 2694
20 2674
21 2725
22 2755
23 2883
24 2900
25 2871
26 2937
27 2938
28 2967
29 2998
30 2981
31 2982
32 2998
33 3062
34 3064
35 3059
36 3151
37 3152
38 3130
39 3139
40 3166
41 3227
42 3223
43 3334
44 3290
45 3404
46 3357
47 3429
48 3545
49 3458
50 3347
51 3385
52 3426
53 3479
54 3391
55 3445
56 3491
57 3450
58 3489
59 3514
60 3402
61 3436
62 3489
63 3453
64 3435
65 3409
66 3502
67 3445
68 3634
69 3513
70 3535
71 3544
72 3466
73 3518
74 3512
75 3583
76 3538
77 3483
78 3458
79 3606
80 3606
81 3538
82 3458
83 3568
84 3543
85 3629
86 3596
87 3633
88 3567
89 3589
90 3543
91 3588
92 3565
93 3680
94 3692
95 3566
96 3587
97 3563
98 3535
99 3612
100 3622
101 3537
102 3611
103 3627
104 3576
105 3682
106 3583
107 3669
108 3707
109 3625
110 3596
111 3533
112 3597
113 3500
114 3587
115 3549
116 3671
117 3636
118 3494
119 3678
120 3570
121 3617
122 3616
123 3611
124 3749
125 3660
126 3771
127 3768
128 3732
129 3771
130 3858
131 3744
132 3700
133 3634
134 3704
135 3806
136 3686
137 3779
138 3641
139 3712
140 3576
141 3557
142 3599
143 3751
144 3661
145 3731
146 3627
147 3690
148 3805
149 3672
150 3718
151 3698
152 3671
153 3644
154 3705
155 3725
156 3697
157 3727
158 3706
159 3775
160 3805
161 3773
162 3854
163 3714
164 3764
165 3867
166 3809
167 3694
168 3704
169 3845
170 3782
171 3853
172 3830
173 3830
174 3796
175 3717
176 3855
177 3738
178 3738
179 3781
180 3855
181 3823
182 3737
183 3818
184 3711
185 3716
186 3779
187 3712
188 3760
189 3759
190 3688
191 3762
192 3790
193 3775
194 3830
195 3896
196 3903
197 3815
198 3940
199 3884
200 3841
201 3870
202 3865
203 3898
204 3843
205 3882
206 3836
207 3882
208 4007
209 3842
210 3734
211 3797
212 3901
213 3800
214 3843
215 3919
216 3882
217 3860
218 3824
219 3880
220 3947
221 3829
222 3960
223 3833
224 4006
225 4106
226 3955
227 4110
228 4011
229 4122
230 4001
231 4056
232 4002
233 4043
234 4054
235 4132
236 4020
237 4025
238 4095
239 4007
240 4154
241 4069
242 4204
243 3953
244 4024
245 4132
246 4248
247 4185
248 4228
249 4131
250 4247
251 4211
252 4226
253 4091
254 4032
255 4155
256 4252
257 4150
258 4170
259 4020
260 3995
261 4192
262 4151
263 4181
264 4075
265 4135
266 4219
