0 3016
1 3414
2 4042
3 4186
4 3688
5 3394
6 4010
7 3774
8 4872
9 4330
10 4758
11 5758
12 4886
13 4862
14 4522
15 4318
16 4180
17 4980
18 4612
19 5416
20 4374
21 4822
22 5250
23 4934
24 5334
25 5318
26 5000
27 4674
28 5286
29 5270
30 4956
31 5080
32 5262
33 5878
34 5958
35 5842
36 5104
37 5644
38 5020
39 5276
40 4900
41 5088
42 4844
43 5146
44 4988
45 6430
46 5408
47 5072
48 4884
49 5944
50 6360
51 5374
52 4954
53 4898
54 5026
55 5740
56 4594
57 5552
58 4934
59 5348
60 4824
61 4846
62 5150
63 5358
64 5080
65 4896
66 4886
67 5630
68 4874
69 4712
70 4908
71 5510
72 4914
73 4778
74 5238
75 5138
76 5792
77 4784
78 6002
79 4468
80 5004
81 4880
82 4586
83 5056
84 4888
85 4832
86 5134
87 5122
88 5150
89 5476
90 5488
91 5586
92 5752
93 5004
94 5100
95 5322
96 5824
97 4910
98 4950
99 5788
100 5224
101 5868
102 5614
103 6152
104 5412
105 5596
106 6010
107 5438
108 5722
109 5904
110 6138
111 5296
112 5164
113 6272
114 5340
115 5984
116 5884
117 5542
118 5266
119 5818
120 5988
121 5838
122 5628
123 5820
124 5622
125 5826
126 6178
127 5772
128 6896
129 4952
130 5972
131 6828
132 5618
133 5546
134 5472
135 5470
136 6502
137 5050
138 5504
139 5358
140 6788
141 6182
142 5320
143 5380
144 5216
145 5852
146 6098
147 6328
148 6348
149 7896
150 5698
151 5528
152 5364
153 5156
154 5208
155 5504
156 5330
157 5426
158 5790
159 6314
160 5694
161 5658
162 5872
163 5494
164 5310
165 5566
166 5488
167 6274
168 5274
169 6784
170 4964
171 5432
172 5392
173 4950
174 5962
175 6218
176 5734
177 4974
178 5426
179 6094
180 5918
181 4948
182 5148
183 4970
184 5860
185 5764
186 5730
187 6930
188 5692
189 5302
190 5204
191 5958
192 5244
193 5802
194 5948
195 6928
196 5674
197 5154
198 4924
199 5464
200 7654
201 5850
202 5136
203 5518
204 5476
205 7022
206 5406
207 5724
208 5472
209 6128
210 6568
211 5930
212 5912
213 5468
214 5738
215 6644
216 6404
217 6426
218 6094
219 5916
220 5978
221 7112
222 5622
223 5728
224 5936
225 7770
226 6300
227 6162
228 5802
229 6462
230 6592
231 7150
232 6864
233 7014
234 6094
235 6688
236 5870
237 6508
238 7076
239 6340
240 6696
241 6822
242 6702
243 6388
244 6702
245 6994
246 6262
247 6184
248 7734
249 5786
250 6912
251 7566
252 7606
253 6512
254 6422
255 7986
256 6000
257 6108
258 6842
259 6260
260 6392
261 7090
262 7170
263 5912
264 5702
265 6204
266 6268
267 6452
268 6736
269 6538
270 6920
271 7232
272 6228
273 6114
274 7272
275 7156
276 6788
277 7310
278 5986
279 7162
280 6026
281 7446
282 6092
283 8110
284 6972
285 7494
286 6962
287 6416
288 6450
289 6834
290 6690
291 6862
292 6506
293 6248
294 7180
295 6846
296 8072
297 7014
298 7300
299 6676
300 6396
301 7038
302 6594
303 6796
304 6028
305 5924
306 6080
307 6860
308 6050
309 6590
310 7128
311 6736
312 6216
313 7922
314 6454
315 6350
316 5942
317 8006
318 6532
319 7328
320 7906
321 7602
322 6922
323 7860
324 7782
325 6574
326 6882
327 6140
328 6446
329 6932
330 7460
331 6842
332 5602
333 6140
334 7630
335 6422
336 6592
337 6108
338 6248
339 6358
340 6362
341 6952
