0 1088
1 1439
2 1629
3 1852
4 1997
5 1965
6 2154
7 2142
8 2252
9 2386
10 2320
11 2396
12 2395
13 2554
14 2531
15 2617
16 2568
17 2666
18 2714
19 2715
20 2772
21 2851
22 2835
23 2906
24 2932
25 2968
26 2933
27 3071
28 3050
29 3136
30 3111
31 3144
32 3128
33 3221
34 3196
35 3106
36 2985
37 3073
38 3092
39 3149
40 2950
41 3090
42 3257
43 3146
44 3125
45 3181
46 3250
47 3121
48 2965
49 3182
50 3150
51 3193
52 3146
53 3136
54 3101
55 3022
56 3160
57 3108
58 3089
59 3082
60 3126
61 3090
62 3153
63 3095
64 3059
65 3000
66 2974
67 3095
68 3043
69 3005
70 2977
71 3054
72 3086
73 3140
74 3225
75 3100
76 3137
77 3117
78 3287
79 3023
80 3134
81 3030
82 3098
83 3061
84 3007
85 3094
86 3180
87 3102
88 3113
89 3071
90 3239
91 3070
92 3158
93 3079
94 3176
95 3281
96 3305
97 3210
98 3282
99 3336
100 3356
101 3456
102 3466
103 3405
104 3426
105 3450
106 3322
107 3440
108 3313
109 3495
110 3425
111 3338
112 3369
113 3293
114 3463
115 3392
116 3377
117 3525
118 3453
119 3474
120 3606
121 3532
122 3628
123 3653
124 3151
125 3343
126 3293
127 3254
128 3232
129 3101
130 3246
131 3238
132 3299
133 3212
134 3273
135 3284
136 3219
137 3133
138 3280
139 3241
140 3373
141 3218
142 3189
143 3160
144 3267
145 3169
146 3185
147 3210
148 3186
149 3270
150 3110
151 3170
152 3084
153 3127
154 3135
155 3091
156 3076
157 3165
158 3202
159 3189
160 3172
161 3110
162 3062
163 3170
164 3011
165 3068
166 2986
167 2975
168 3022
169 3035
170 2981
171 2921
172 2944
173 3028
174 2927
175 3004
176 3013
177 3033
178 2999
179 3050
180 3023
181 2951
182 3068
183 3054
184 3093
185 3050
186 2942
187 2963
188 2992
189 2955
190 3024
191 2974
192 3106
193 3049
194 3044
195 3042
196 3008
197 3063
198 2880
199 2999
200 3077
201 3015
202 3055
203 3069
204 2834
205 3094
206 3077
207 3183
208 3137
209 3147
210 3144
211 3067
212 3159
213 3201
214 3170
215 3355
216 3315
217 3353
218 3456
219 3424
220 3473
221 3548
222 3471
223 3251
224 3418
225 3643
226 3578
227 3488
228 3473
229 3573
230 3573
231 3580
232 3668
233 3539
234 3499
235 3469
236 3538
237 3556
238 3606
239 3534
240 3632
241 3500
242 3632
243 3554
244 3580
245 3580
246 3720
247 3793
248 3671
249 3554
250 3719
251 3589
252 3657
253 3713
254 3588
255 3610
256 3637
257 3395
258 3469
259 3583
260 3570
261 3590
262 3525
263 3553
264 3499
265 3500
266 3478
267 3493
268 3659
269 3662
270 3549
271 3660
272 3579
273 3631
274 3668
275 3554
276 3641
277 3718
278 3595
279 3642
280 3665
281 3797
282 3611
283 3752
284 3697
285 3676
286 3627
287 3766
288 3721
289 3727
290 3632
291 3660
292 3617
293 3716
294 3816
295 3668
296 3823
297 3795
298 3717
299 3538
300 3688
301 3605
302 3670
303 3710
304 3676
305 3657
306 3734
307 3838
308 3739
309 3646
310 3781
311 3739
312 3721
313 3732
314 3604
315 3672
316 3622
317 3618
318 3639
319 3720
320 3622
321 3691
322 3539
323 3707
324 3801
325 3619
326 3607
327 3713
328 3594
329 3554
330 3540
331 3580
332 3616
333 3522
334 3631
335 3582
336 3567
337 3592
338 3606
339 3589
340 3671
341 3651
