0 950
1 1363
2 1609
3 1744
4 1820
5 1931
6 1975
7 2069
8 2073
9 2148
10 2209
11 2247
12 2273
13 2389
14 2424
15 2470
16 2411
17 2591
18 2573
19 2619
20 2535
21 2598
22 2560
23 2580
24 2510
25 2439
26 2486
27 2514
28 2504
29 2473
30 2459
31 2485
32 2513
33 2523
34 2520
35 2529
36 2501
37 2487
38 2556
39 2500
40 2545
41 2544
42 2574
43 2568
44 2536
45 2566
46 2571
47 2604
48 2582
49 2604
50 2580
51 2589
52 2589
53 2579
54 2578
55 2593
56 2619
57 2610
58 2577
59 2595
60 2597
61 2607
62 2658
63 2619
64 2620
65 2603
66 2623
67 2648
68 2623
69 2657
70 2621
71 2605
72 2598
73 2622
74 2619
75 2612
76 2595
77 2576
78 2612
79 2623
80 2613
81 2594
82 2593
83 2574
84 2572
85 2595
86 2544
