0 3080
1 3164
2 3270
3 3754
4 3870
5 4318
6 4304
7 4448
8 3622
9 4404
10 4242
11 4352
12 4114
13 4370
14 4608
15 4812
16 4360
17 5912
18 4676
19 4514
20 4868
21 4848
22 5352
23 4840
24 4998
25 5332
26 4604
27 5030
28 5478
29 6896
30 5986
31 4874
32 5768
33 5444
34 4666
35 5482
36 4886
37 5414
38 5236
39 6080
40 5180
41 5532
42 5118
43 5014
44 5770
45 5588
46 5214
47 5560
48 6012
49 5290
50 6094
51 5130
52 6560
53 5602
54 5498
55 5990
56 5602
57 6042
58 5270
59 6058
60 5424
61 6670
62 7214
63 5070
64 5860
65 5392
66 5866
67 5622
68 5862
69 5314
70 6892
71 5432
72 5562
73 5366
74 5566
75 5890
76 5580
77 6450
78 5206
79 5422
80 5802
81 5672
82 6268
83 5194
84 6724
85 5610
86 5814
87 5376
88 5446
89 6140
90 5406
91 5644
92 5852
93 5964
94 5564
95 6324
96 6478
97 5956
98 6910
99 5616
100 6014
101 5666
102 7206
103 6518
104 6422
105 7284
106 5628
107 7906
108 6290
109 8260
110 6740
111 6298
112 5862
113 6318
114 6208
115 6464
116 6072
117 6594
118 5944
119 7210
120 7362
121 6792
122 7008
123 6196
124 7830
125 6120
126 6494
127 6568
128 6402
129 6426
130 6152
131 6576
132 6146
133 6510
134 6538
135 6692
136 6678
137 7828
138 6738
139 6324
140 6474
141 6704
142 6182
143 7252
144 8350
145 6162
146 7292
147 6626
148 7090
149 6532
150 6732
151 7300
152 6156
153 6270
154 7060
155 5820
156 6474
157 7444
158 7856
159 6982
160 7018
161 7176
162 7094
163 6648
164 6374
165 7532
166 7402
167 7566
168 7828
169 7180
170 7542
171 6892
172 6750
173 6610
174 7128
175 7478
176 6412
177 7900
178 6582
179 7192
180 7302
181 6036
182 6270
183 8012
184 8090
185 7122
186 7712
187 7282
188 7816
189 6858
190 6984
191 6612
192 7604
193 7700
194 8194
195 6650
196 6204
197 6542
198 6790
199 5888
200 7750
201 6686
202 6758
203 6620
204 6584
205 7546
206 7236
207 8564
208 6950
209 6326
210 6826
211 8354
212 6238
213 6276
214 7152
215 6798
216 6772
217 6922
218 6372
219 6916
220 6618
221 6554
222 6990
223 6240
224 8030
225 8196
226 7152
227 6548
228 6530
229 7460
230 6626
231 7120
232 6448
233 6572
234 6800
235 6662
236 7634
237 6656
238 7366
239 7370
240 7338
241 7194
242 7276
243 7328
244 7202
245 7046
246 6934
247 8256
248 9186
249 7194
250 7156
251 7540
252 6734
253 7410
254 7466
255 7536
256 6254
257 6500
258 7426
259 6518
260 7302
261 6990
262 7650
263 8370
264 7618
265 6878
266 7266
267 6594
268 6780
269 8306
270 7386
271 7308
272 6926
273 7762
274 6838
275 7540
276 8540
277 7690
278 7914
279 6668
280 8002
281 7588
282 8436
283 6354
284 7710
285 7432
286 7618
287 6582
288 7030
289 8050
290 7052
291 8178
292 7824
293 7102
294 7750
295 7028
296 7908
297 7110
298 6688
299 8022
300 7520
301 7206
302 7824
303 7082
304 7264
305 7054
306 7486
307 7260
308 7632
309 6608
310 8044
311 7220
312 6822
313 8638
314 7106
315 7896
316 8332
317 6396
318 6922
319 7512
320 7842
321 8090
322 7408
323 6428
324 7092
325 6638
326 7470
327 8564
328 9848
329 7354
