0 201
1 1288
2 2221
3 2573
4 2641
5 2535
6 2664
7 2740
8 2752
9 2945
10 2799
11 2731
12 2850
13 2877
14 2934
15 2742
16 2918
17 2912
18 2936
19 2975
20 2813
21 2758
22 2776
23 2974
24 2934
25 2757
26 2850
27 2939
28 2936
29 2910
30 3002
31 2987
32 3000
33 2877
34 3026
35 3010
36 3105
37 3024
38 2987
39 2939
40 2960
41 2975
42 2984
43 3082
44 3061
45 3029
46 2948
47 2946
48 2947
49 2956
50 3092
51 3022
52 3063
53 2966
54 3046
55 3076
56 3125
57 3062
58 3006
59 2974
60 3087
61 3042
62 3046
63 3020
64 3123
65 2954
66 3125
67 3006
68 3002
69 3055
70 2984
71 2907
72 2972
73 3104
74 3043
75 3130
76 3063
77 3036
78 3068
79 3032
80 3051
81 2960
82 3039
83 3028
84 3027
85 3074
86 3058
87 3043
88 2976
89 2932
90 3007
91 3008
92 2940
93 2895
94 3004
95 2882
96 3005
97 2956
98 2938
99 2985
100 2976
101 2968
102 3015
103 3034
104 3067
105 3031
106 2969
107 3050
108 3059
109 3087
110 3053
111 3002
112 3003
113 3034
114 3055
115 2941
116 2890
117 3035
118 3086
119 3099
120 3085
121 2959
122 3016
123 3044
124 3014
125 2920
126 3105
127 3014
128 2944
129 2930
130 2839
131 2987
132 2954
133 2965
134 3050
135 2969
136 2922
137 3037
138 2932
139 3086
140 3039
141 2979
142 2955
143 3002
144 3007
145 3055
146 3041
147 2960
148 2925
149 2986
150 3057
151 2982
152 2897
153 2902
154 2928
155 2904
156 2899
157 2928
158 2869
159 2848
160 2997
161 3011
162 3077
163 3045
164 3056
165 3022
166 3016
167 3018
168 3073
169 3106
170 2914
171 2939
172 2999
173 3071
174 3002
175 3052
176 3067
177 3011
178 3029
179 2957
180 3110
181 3015
182 3067
183 3035
184 3032
185 3101
186 3154
187 3154
188 3104
189 3065
190 3021
191 3114
192 3006
193 3008
194 3137
195 3052
196 3126
197 3090
198 3088
199 3003
200 3041
201 3021
202 3185
203 3092
204 3016
205 3075
206 3075
207 3099
208 3025
209 3071
210 3044
211 3088
212 3065
213 3122
214 3054
215 3106
216 2964
217 3018
218 3097
219 3138
220 3055
221 3129
222 3089
223 3084
224 3113
225 3125
226 3185
227 3115
228 3195
229 3029
230 3061
231 3004
232 3199
233 3113
234 3024
235 3023
236 2977
237 3004
238 3092
239 3006
240 3090
241 3028
242 3060
243 3025
244 3083
245 3131
246 3107
247 2988
248 3051
249 3111
250 3130
251 3104
252 3100
253 3168
254 3143
255 3164
256 3189
257 3189
258 3052
259 3214
260 3120
261 3171
262 3108
263 3091
264 3134
265 3140
266 3042
267 2997
268 3076
269 2984
270 3045
271 3071
272 3118
273 3080
274 3139
275 3111
276 3080
277 3049
278 3113
279 3145
280 3030
281 3059
282 3088
283 3089
284 3136
285 3160
286 3108
287 3097
288 3062
289 3039
290 3111
291 3074
292 3061
293 3116
294 3006
295 3051
296 3036
297 2984
298 2978
299 3088
300 3119
301 3093
302 3101
303 3120
304 3066
305 3086
306 3135
307 3023
308 3071
309 3164
310 3206
311 3113
312 3096
313 3100
314 3089
315 3167
316 3121
317 3075
318 3052
319 3109
320 3128
321 3120
322 3210
323 3121
324 3186
325 3157
326 3164
327 3161
328 3065
329 3062
330 3104
331 3061
332 3155
333 3052
334 3040
335 3102
336 3039
337 3056
338 2979
339 3153
340 2975
341 3127
342 3162
343 3079
344 3091
345 3127
346 3065
347 3216
348 3106
349 3147
350 3107
351 3040
352 3048
353 3036
354 3057
355 3044
356 3154
357 3042
358 3028
359 3027
360 2981
361 3030
362 3194
363 3161
364 3106
365 3026
366 3040
367 3037
368 3012
369 2996
370 3098
371 3142
372 3049
373 3119
374 3186
375 3122
376 3108
377 3177
378 3058
379 3191
380 3142
381 3145
382 3154
383 3161
384 3117
385 3240
386 3174
387 3048
388 3160
389 3090
390 3177
391 3142
392 3118
393 3044
394 3233
395 3119
396 3185
397 3240
398 3107
399 3108
400 3047
401 3122
402 3144
403 3105
404 3027
405 3110
406 3215
407 3167
408 2971
409 3136
410 3063
411 3051
412 3158
413 3139
414 3106
415 3030
416 3103
417 3098
418 3147
419 3090
420 3082
421 3035
422 3044
423 3056
424 3057
425 3021
426 3106
427 3070
428 3148
429 3034
430 3124
431 3183
432 3157
433 3114
434 3222
435 3267
436 3225
437 3135
438 3102
439 3059
440 3135
441 3042
442 3105
443 3127
444 3121
445 3076
446 3142
447 3095
448 3092
449 3143
450 3052
451 3049
452 3122
453 3037
454 3135
455 3106
456 3098
457 2986
458 3065
459 3032
460 3027
461 3134
462 3084
463 3037
464 3042
465 3107
466 2987
467 3096
468 3032
469 3044
470 3028
471 3031
472 2998
473 3020
474 3057
475 3076
476 3079
477 2979
478 3023
479 3180
480 3066
481 3170
482 3076
483 3015
484 3097
485 3087
486 3032
487 3049
488 3066
489 2983
490 3067
491 3032
492 3002
493 3022
494 3024
495 3002
496 3022
497 2968
498 2987
499 2966
500 2825
501 2912
502 2854
503 2887
504 2782
505 2617
506 2543
507 2397
508 2288
509 2358
510 2291
511 2277
512 2205
513 2237
514 2268
515 2197
516 2226
517 2226
518 2280
519 2229
520 2274
521 2302
522 2343
523 2258
524 2234
525 2292
526 2232
527 2250
528 2270
529 2293
530 2291
531 2308
532 2179
533 2221
534 2292
535 2281
536 2208
537 2238
538 2174
539 2232
540 2246
541 2346
542 2281
543 2289
544 2333
545 2367
546 2302
547 2278
548 2279
549 2329
550 2319
551 2300
552 2350
553 2341
554 2315
555 2307
556 2344
557 2378
558 2414
559 2363
560 2430
561 2267
562 2333
563 2339
564 2300
565 2299
566 2242
567 2345
568 2317
569 2291
570 2394
571 2336
572 2315
573 2323
574 2335
575 2307
576 2384
577 2333
578 2368
579 2298
580 2294
581 2327
582 2244
583 2275
584 2338
585 2278
586 2293
587 2275
588 2309
589 2301
590 2368
591 2309
592 2286
593 2334
594 2349
595 2276
596 2317
597 2284
598 2282
599 2286
600 2290
601 2299
602 2330
603 2422
604 2284
605 2313
606 2317
607 2349
608 2315
609 2372
610 2343
611 2357
612 2338
613 2311
614 2401
615 2374
616 2353
617 2289
618 2327
619 2305
620 2305
621 2355
622 2391
623 2317
624 2353
625 2399
626 2266
627 2362
628 2302
629 2308
630 2364
631 2294
632 2311
633 2447
634 2341
635 2431
636 2404
637 2474
638 2457
639 2407
640 2447
641 2510
642 2379
643 2414
644 2442
645 2384
646 2372
647 2312
648 2335
649 2362
650 2328
651 2318
652 2295
653 2332
654 2354
655 2399
656 2366
657 2387
658 2384
659 2376
660 2346
661 2356
662 2417
663 2328
664 2356
665 2376
666 2336
667 2318
668 2351
669 2348
670 2334
671 2340
672 2301
673 2381
674 2396
675 2293
676 2330
677 2299
678 2292
679 2342
680 2224
681 2237
682 2260
683 2309
684 2310
685 2332
686 2349
687 2238
688 2269
689 2074
690 2084
691 2194
692 2172
693 2370
694 2414
695 2403
696 2422
697 2352
698 2285
699 2304
700 2280
701 2283
702 2254
703 2338
704 2300
705 2322
706 2327
707 2246
708 2360
709 2306
710 2295
711 2259
712 2352
713 2311
714 2348
715 2341
716 2372
717 2342
718 2203
719 2374
720 2315
721 2306
722 2254
723 2328
724 2245
725 2334
726 2303
727 2248
728 2225
729 2303
730 2241
731 2256
732 2321
733 2327
734 2279
735 2225
736 2286
737 2210
