0 3831
1 4160
2 4800
3 4613
4 4577
5 4602
6 4632
7 4888
8 4348
9 4923
10 4516
11 4297
12 4742
13 4777
14 4551
15 4553
16 4332
17 4517
18 4430
19 4846
20 4516
21 4185
22 4602
23 4587
24 5058
25 4246
26 4260
27 4441
28 4483
29 4971
30 4363
31 4363
32 4350
33 5333
34 4883
35 4318
36 4651
37 4668
38 4322
39 4308
40 4557
41 4395
42 4732
43 4513
44 4400
45 4535
46 4362
47 4428
48 4328
49 4660
50 4307
51 4472
52 4391
53 4202
54 4205
55 4420
56 4567
57 4363
58 4660
59 4525
60 4696
61 4435
62 4503
63 4566
64 4613
65 4207
66 4426
67 4123
68 4265
69 4706
70 4640
71 4265
72 4630
73 4355
74 4532
75 4492
76 4518
77 4736
78 4467
79 5270
80 4486
81 4498
82 4500
83 4787
84 4473
85 4456
86 4582
87 4360
88 4593
89 4431
90 4390
91 4573
92 4492
93 4507
94 4392
95 4243
96 4408
97 5016
98 4272
99 4296
100 4278
101 4506
102 4327
103 4562
104 4338
105 4422
106 4391
107 4755
108 4496
109 4310
110 4503
111 4400
112 4816
113 4406
114 4377
115 4311
116 4133
117 4461
118 4235
119 4375
120 4540
121 4541
122 4232
123 4747
124 4348
125 4711
126 4365
127 4431
128 4327
129 4313
130 4157
131 4310
132 4258
133 4297
134 4456
135 4343
136 5210
137 4318
138 4180
139 4607
140 4781
141 4516
142 4705
143 4493
144 4680
145 4286
146 4405
147 4441
148 4216
149 4381
150 4390
151 4612
152 4645
153 4047
154 4278
155 4562
156 4307
157 4603
158 4097
159 4537
160 4675
161 4667
162 4410
163 4110
164 4952
165 4443
166 4650
167 4310
168 4595
169 4427
170 4527
171 4331
172 4538
173 4435
174 4271
175 4326
176 4566
177 4508
178 4318
179 4548
180 4510
181 4395
182 4330
183 4433
184 4552
185 4306
186 4440
187 4402
188 4395
189 4572
190 4330
191 4553
192 4381
193 4541
194 4750
195 4318
196 4401
197 4487
198 4647
199 4256
200 4358
201 4641
202 4503
203 4342
204 4588
205 4215
206 4573
207 4467
208 4551
209 4281
210 4305
211 5316
212 4637
213 4312
214 4247
215 4836
216 4358
217 4586
218 4515
219 4788
220 4922
221 4492
222 4833
223 4326
224 4630
225 4463
226 4767
227 4448
228 4782
229 4576
230 4426
231 4211
232 4722
233 4753
234 4501
235 4886
236 4707
237 4570
238 4423
239 4607
240 4541
241 4647
242 4353
243 4603
244 4853
245 4607
246 4748
247 4468
248 4986
249 4682
250 4833
251 4517
252 4883
253 4795
254 4540
255 4867
256 4625
257 4602
258 4490
259 4726
260 4436
261 4673
262 4615
263 4471
264 4606
265 4518
266 4467
267 4521
268 4656
269 4377
270 4725
271 4821
272 4437
273 4846
274 4786
275 5171
276 4627
277 4716
278 4733
279 4542
280 4890
281 4830
282 4515
283 4877
284 4942
285 4468
286 4962
287 4725
288 4398
289 4376
290 4551
291 4472
292 5046
293 4530
294 4436
295 4523
296 4723
297 4462
298 4425
299 4458
300 4517
301 5105
302 4603
303 5100
304 4330
305 4906
306 4297
307 4515
308 4305
309 4921
310 4775
311 4593
312 4606
313 4683
314 4431
315 4730
316 4696
317 4495
318 4725
319 4858
320 4413
321 4663
322 4765
323 4585
324 4786
325 4533
326 4783
327 4515
328 4737
329 4462
330 4328
331 4395
332 4520
333 4472
334 4482
335 4355
336 4665
337 4292
338 4625
339 4895
340 4493
341 4897
342 4445
343 4402
344 4456
345 4287
346 4632
347 4528
348 4261
349 4450
350 4410
351 4526
352 4707
353 4993
354 4777
355 4670
356 4495
357 4601
358 4771
359 4335
360 4385
361 4487
362 4735
363 4550
364 4323
365 4357
366 4638
367 4486
368 4798
369 4581
370 4338
371 4941
372 4587
373 4495
374 4750
375 5105
376 4601
377 4370
378 4480
379 5020
380 4942
381 4983
382 4835
383 4466
384 4788
385 4798
386 4460
387 4550
388 5290
389 4725
390 4575
391 4567
392 4660
393 4611
394 4486
395 4487
396 4785
397 4936
398 4475
399 4426
400 4765
401 4720
402 4775
403 4688
404 4927
405 4628
406 4497
407 4616
408 4578
409 4743
410 4912
411 4712
412 4636
413 4457
414 4657
415 4438
416 4662
417 4797
418 4653
419 4773
420 4758
421 4773
422 4601
423 4735
424 4590
425 4902
426 4851
427 4603
428 4843
429 4446
430 4737
431 4682
432 4607
433 4816
434 4251
435 5077
436 4782
437 4960
438 4555
439 4570
440 4943
441 4751
442 4475
443 4965
444 4958
445 4687
446 4910
447 4718
448 5003
449 4540
450 4780
451 4710
452 4456
453 4795
454 4943
455 4598
456 4430
457 4678
458 5183
459 4638
460 4473
461 4483
462 4792
463 4306
464 4756
465 4376
466 4142
467 4686
468 4586
469 4177
470 4607
471 4761
472 4548
473 4805
474 4293
475 4512
476 4320
477 4717
478 4422
479 4476
480 4596
481 4340
482 4952
483 4316
484 4506
485 4735
486 4571
487 4442
488 4290
489 4418
490 4280
491 4276
492 4502
493 4143
494 4820
495 4473
496 4601
497 4152
498 4868
499 4222
500 4301
501 4215
502 4143
503 4732
504 4748
505 4340
506 4216
507 3991
508 3503
509 3860
510 4666
511 3668
512 3785
513 4076
514 4490
515 3497
516 4386
517 3581
518 3821
519 3958
520 3951
521 4267
522 4271
523 3997
524 3802
525 3728
526 3922
527 3997
528 3833
529 4098
530 3882
531 3871
532 4027
533 3840
534 3555
535 4242
536 3717
537 3868
538 3673
539 3758
540 3940
541 4090
542 4087
543 3820
544 4020
545 3935
546 3905
547 3643
548 3868
549 4203
550 3721
551 3720
552 4008
553 3831
554 3803
555 4340
556 4446
557 3972
558 3715
559 3756
560 4137
561 3852
562 4248
563 4012
564 4113
565 3820
566 3955
567 4470
568 4308
569 4135
570 3876
571 4010
572 3682
573 4093
574 3982
575 3970
576 4162
577 3936
578 4082
579 3985
580 3736
581 4161
582 4008
583 4026
584 3987
585 3915
586 4190
587 3803
588 4023
589 3678
590 3860
591 3903
592 3848
593 3682
594 4126
595 3845
596 4195
597 3671
598 4166
599 4126
600 4137
601 4071
602 3853
603 3773
604 3836
605 4180
606 4350
607 3682
608 3680
609 3916
610 3972
611 4267
612 3691
613 3870
614 3826
615 3818
616 4553
617 4095
618 4048
619 4042
620 3777
621 4287
622 3897
623 3766
624 4195
625 4176
626 3987
627 3752
628 4003
629 3855
630 3758
631 4206
632 3665
633 4013
634 4431
635 3945
636 3946
637 3953
638 4260
639 4176
640 4042
641 4451
642 4357
643 3972
644 3830
645 3993
646 3860
647 3895
648 3995
649 4111
650 3930
651 3908
652 3985
653 4200
654 4198
655 4097
656 4142
657 3893
658 3961
659 3990
660 3920
661 3681
662 3880
663 3917
664 3811
665 4106
666 3933
667 3997
668 3928
669 3981
670 3773
671 3941
672 3640
673 4090
674 4622
675 3605
676 3837
677 3960
678 3870
679 3735
680 3745
681 3940
682 4007
683 3825
684 4045
685 4317
686 3946
687 3870
688 4491
689 3375
690 3721
691 3977
692 4035
693 4021
694 4303
695 4316
696 3897
697 4071
698 3936
699 3865
700 4083
701 3915
702 3923
703 3753
704 3537
705 3743
706 4050
707 3881
708 3695
709 4096
710 3821
711 4468
712 3948
713 3600
714 4310
715 3821
716 4063
717 3890
718 4126
719 4185
720 3768
721 4200
722 3776
723 3932
724 3542
725 3835
726 4226
727 3872
728 3726
729 4047
730 3868
731 4408
732 3785
733 3608
734 4011
735 3621
736 3668
737 3953
