0 3252
1 3084
2 3630
3 3874
4 3760
5 4386
6 5284
7 4760
8 4774
9 5874
10 4724
11 4114
12 4780
13 4728
14 5160
15 4938
16 5308
17 4982
18 5184
19 5584
20 5110
21 4836
22 5428
23 4914
24 5544
25 4390
26 4808
27 4742
28 4882
29 4856
30 4836
31 4794
32 5076
33 5028
34 4550
35 4600
36 5190
37 5040
38 5178
39 5124
40 5326
41 4832
42 4934
43 4792
44 4384
45 4612
46 4820
47 4954
48 5182
49 4580
50 4430
51 4816
52 4926
53 4396
54 4426
55 4368
56 5648
57 4620
58 4520
59 5210
60 5094
61 4574
62 5502
63 4596
64 5270
65 4918
66 4474
67 4708
68 4782
69 5168
70 5720
71 4480
72 4776
73 5140
74 4908
75 5658
76 5392
77 4660
78 5336
79 4758
80 4660
81 5168
82 4658
83 4390
84 5002
85 4558
86 4564
