0 925
1 1305
2 1539
3 1767
4 1902
5 1996
6 2019
7 2146
8 2140
9 2164
10 2227
11 2270
12 2301
13 2323
14 2400
15 2458
16 2435
17 2604
18 2606
19 2648
20 2722
21 2742
22 2723
23 2711
24 2780
25 2805
26 2780
27 2876
28 2879
29 2844
30 2890
31 2901
32 2902
33 2979
34 2931
35 3016
36 2978
37 3139
38 3041
39 3108
40 3123
41 3168
42 3186
43 3208
44 3247
45 3223
46 3246
47 3209
48 3223
49 3199
50 3263
51 3308
52 2975
53 3257
54 3342
55 3358
56 3365
57 3396
58 3342
59 3359
60 3452
61 3466
62 3444
63 3395
64 3495
65 3474
66 3381
67 3406
68 3416
69 3418
70 3389
71 3429
72 3439
73 3439
74 3393
75 3431
76 3434
77 3497
78 3485
79 3549
80 3431
81 3463
82 3464
83 3390
84 3444
85 3482
86 3410
87 3457
88 3480
89 3469
90 3503
91 3464
92 3427
93 3564
94 3520
95 3593
96 3550
97 3545
98 3491
99 3510
100 3555
101 3534
102 3540
103 3538
104 3616
105 3642
106 3628
107 3693
108 3619
109 3657
110 3665
111 3616
112 3666
113 3624
114 3596
115 3663
116 3567
117 3643
118 3676
119 3649
120 3642
121 3695
122 3678
123 3644
124 3671
125 3721
126 3742
127 3760
128 3713
129 3735
130 3738
131 3735
132 3737
133 3685
134 3710
135 3738
136 3739
137 3816
138 3823
139 3818
140 3718
141 3683
142 3834
143 3840
144 3842
145 3835
146 3871
147 3743
148 3852
149 3791
150 3748
151 3820
152 3866
153 3787
154 3843
155 3757
156 3802
157 3755
158 3878
159 3791
160 3811
161 3804
162 3845
163 3755
164 3786
165 3834
166 3832
167 3800
168 3832
169 3810
170 3817
171 3735
172 3742
173 3828
174 3927
175 3852
176 3807
177 3804
178 3878
179 3849
180 3839
181 3780
182 3837
183 3960
184 3925
185 3920
186 3806
187 3898
188 4007
189 3849
190 3907
191 3847
192 3874
193 3883
194 3896
195 3795
196 3813
197 3768
198 3829
199 3810
200 3894
201 3979
202 3895
203 3934
204 3915
205 3982
206 3963
207 3868
208 3817
209 3888
210 3905
211 3853
212 3854
213 3948
214 3939
215 3906
216 3913
217 3830
218 3869
219 3934
220 3965
221 3903
222 3976
223 3961
224 4035
225 4037
226 4014
227 3944
228 4003
229 3961
230 3921
231 3997
232 3974
233 3913
234 4011
235 4008
236 3979
237 3933
238 4011
239 4051
240 3964
241 3951
242 3943
243 3889
244 3908
245 3936
246 3931
247 3861
248 3923
249 3942
250 3948
251 3890
252 3885
253 3926
254 3904
255 3938
256 3309
257 3847
258 3945
259 3882
260 3832
261 3880
262 3980
263 3978
264 3913
265 3895
266 3856
267 3911
268 3907
269 3972
270 3980
271 4010
272 3951
273 3913
274 3938
275 3979
276 3916
277 4032
278 4060
279 3944
280 3914
281 3926
282 3905
283 3908
284 3944
285 3979
286 3893
287 3851
288 3855
289 3878
290 3903
291 3894
292 3929
293 3846
294 3918
295 3885
296 3907
297 3898
298 3887
299 3980
300 3952
301 3979
302 3967
303 3905
304 3912
305 3916
306 4001
307 3999
308 4003
309 3874
310 3957
311 3949
312 3974
313 4034
314 4044
315 3952
316 3895
317 3894
318 3979
319 3968
320 3907
321 3983
322 3948
323 3947
324 3903
325 4033
326 3983
327 3948
328 4006
329 3959
